1 0 R 2 1 R 2
2 0 R 3 1 L 9
3 0 L 4 1 L 5
4 0 L 6 1 L 6
5 0 L 7 1 L 7
6 0 R 8 1 R 8
7 1 R 8 0 R 8
8 0 R 1 0 R 1
9 0 L 10 1 L 10
10 1 L 11 1 L 11
11 0 L 12 1 L 12
12 0 L 13 1 R 19
13 0 R 14 1 R 15
14 0 R 16 1 R 16
15 0 R 17 1 R 17
16 0 L 18 1 L 18
17 1 L 18 0 L 18
18 0 L 11 0 L 11
19 0 R 20 1 R 20
20 1 R 21 1 R 21
21 0 R 22 1 R 22
22 0 R 23 1 L 29
23 0 L 24 1 L 25
24 0 L 26 1 L 26
25 0 L 27 1 L 27
26 0 R 28 1 R 28
27 1 R 28 0 R 28
28 0 R 21 0 R 21
29 0 L 30 1 L 30
30 1 L 31 1 L 31
31 0 L 32 1 L 32
32 0 L 33 1 R 39
33 0 R 34 1 R 35
34 0 R 36 1 R 36
35 0 R 37 1 R 37
36 0 L 38 1 L 38
37 1 L 38 0 L 38
38 0 L 31 0 L 31
39 0 R 40 1 R 40
40 1 R 41 1 R 41
41 0 R 42 1 R 42
42 0 R 43 1 L 49
43 0 L 44 1 L 45
44 0 L 46 1 L 46
45 0 L 47 1 L 47
46 0 R 48 1 R 48
47 1 R 48 0 R 48
48 0 R 41 0 R 41
49 0 L 50 1 L 50
50 1 L 51 1 L 51
51 0 L 52 1 L 52
52 0 L 53 1 R 59
53 0 R 54 1 R 55
54 0 R 56 1 R 56
55 0 R 57 1 R 57
56 0 L 58 1 L 58
57 1 L 58 0 L 58
58 0 L 51 0 L 51
59 0 R 60 1 R 60
60 1 R 61 1 R 61
61 0 R 62 1 R 62
62 0 R 63 1 L 69
63 0 L 64 1 L 65
64 0 L 66 1 L 66
65 0 L 67 1 L 67
66 0 R 68 1 R 68
67 1 R 68 0 R 68
68 0 R 61 0 R 61
69 0 L 70 1 L 70
70 1 L 71 1 L 71
71 0 L 72 1 L 72
72 0 L 73 1 R 79
73 0 R 74 1 R 75
74 0 R 76 1 R 76
75 0 R 77 1 R 77
76 0 L 78 1 L 78
77 1 L 78 0 L 78
78 0 L 71 0 L 71
79 0 R 80 1 R 80
80 1 R 81 1 R 81
81 0 R 82 1 R 82
82 0 R 83 1 L 89
83 0 L 84 1 L 85
84 0 L 86 1 L 86
85 0 L 87 1 L 87
86 0 R 88 1 R 88
87 1 R 88 0 R 88
88 0 R 81 0 R 81
89 0 L 90 1 L 90
90 1 L 91 1 L 91
91 0 L 92 1 L 92
92 0 L 93 1 R 99
93 0 R 94 1 R 95
94 0 R 96 1 R 96
95 0 R 97 1 R 97
96 0 L 98 1 L 98
97 1 L 98 0 L 98
98 0 L 91 0 L 91
99 0 R 100 1 R 100
100 1 R 101 1 R 101
101 0 R 102 1 R 102
102 0 R 103 1 L 109
103 0 L 104 1 L 105
104 0 L 106 1 L 106
105 0 L 107 1 L 107
106 0 R 108 1 R 108
107 1 R 108 0 R 108
108 0 R 101 0 R 101
109 0 L 110 1 L 110
110 1 L 111 1 L 111
111 0 L 112 1 L 112
112 0 L 113 1 R 119
113 0 R 114 1 R 115
114 0 R 116 1 R 116
115 0 R 117 1 R 117
116 0 L 118 1 L 118
117 1 L 118 0 L 118
118 0 L 111 0 L 111
119 0 R 120 1 R 120
120 1 R 121 1 R 121
121 0 R 122 1 R 122
122 0 R 123 1 L 129
123 0 L 124 1 L 125
124 0 L 126 1 L 126
125 0 L 127 1 L 127
126 0 R 128 1 R 128
127 1 R 128 0 R 128
128 0 R 121 0 R 121
129 0 L 130 1 L 130
130 1 L 131 1 L 131
131 0 L 132 1 L 132
132 0 L 133 1 R 139
133 0 R 134 1 R 135
134 0 R 136 1 R 136
135 0 R 137 1 R 137
136 0 L 138 1 L 138
137 1 L 138 0 L 138
138 0 L 131 0 L 131
139 0 R 140 1 R 140
140 1 R 141 1 R 141
141 0 R 142 1 R 142
142 0 R 143 1 L 149
143 0 L 144 1 L 145
144 0 L 146 1 L 146
145 0 L 147 1 L 147
146 0 R 148 1 R 148
147 1 R 148 0 R 148
148 0 R 141 0 R 141
149 0 L 150 1 L 150
150 1 L 151 1 L 151
151 0 L 152 1 L 152
152 0 L 153 1 R 159
153 0 R 154 1 R 155
154 0 R 156 1 R 156
155 0 R 157 1 R 157
156 0 L 158 1 L 158
157 1 L 158 0 L 158
158 0 L 151 0 L 151
159 0 R 160 1 R 160
160 1 R 161 1 R 161
161 0 R 162 1 R 162
162 0 R 163 1 L 169
163 0 L 164 1 L 165
164 0 L 166 1 L 166
165 0 L 167 1 L 167
166 0 R 168 1 R 168
167 1 R 168 0 R 168
168 0 R 161 0 R 161
169 0 L 170 1 L 170
170 1 L 171 1 L 171
171 0 L 172 1 L 172
172 0 L 173 1 R 179
173 0 R 174 1 R 175
174 0 R 176 1 R 176
175 0 R 177 1 R 177
176 0 L 178 1 L 178
177 1 L 178 0 L 178
178 0 L 171 0 L 171
179 0 R 180 1 R 180
180 1 R 181 1 R 181
181 0 R 182 1 R 182
182 0 R 183 1 L 189
183 0 L 184 1 L 185
184 0 L 186 1 L 186
185 0 L 187 1 L 187
186 0 R 188 1 R 188
187 1 R 188 0 R 188
188 0 R 181 0 R 181
189 0 L 190 1 L 190
190 1 L 191 1 L 191
191 0 L 192 1 L 192
192 0 L 193 1 R 199
193 0 R 194 1 R 195
194 0 R 196 1 R 196
195 0 R 197 1 R 197
196 0 L 198 1 L 198
197 1 L 198 0 L 198
198 0 L 191 0 L 191
199 0 R 200 1 R 200
200 1 R 201 1 R 201
201 0 R 202 1 R 202
202 0 R 203 1 L 209
203 0 L 204 1 L 205
204 0 L 206 1 L 206
205 0 L 207 1 L 207
206 0 R 208 1 R 208
207 1 R 208 0 R 208
208 0 R 201 0 R 201
209 0 L 210 1 L 210
210 1 L 211 1 L 211
211 0 L 212 1 L 212
212 0 L 213 1 R 219
213 0 R 214 1 R 215
214 0 R 216 1 R 216
215 0 R 217 1 R 217
216 0 L 218 1 L 218
217 1 L 218 0 L 218
218 0 L 211 0 L 211
219 0 R 220 1 R 220
220 1 R 221 1 R 221
221 0 R 222 1 R 222
222 0 R 223 1 L 229
223 0 L 224 1 L 225
224 0 L 226 1 L 226
225 0 L 227 1 L 227
226 0 R 228 1 R 228
227 1 R 228 0 R 228
228 0 R 221 0 R 221
229 0 L 230 1 L 230
230 1 L 231 1 L 231
231 0 L 232 1 L 232
232 0 L 233 1 R 239
233 0 R 234 1 R 235
234 0 R 236 1 R 236
235 0 R 237 1 R 237
236 0 L 238 1 L 238
237 1 L 238 0 L 238
238 0 L 231 0 L 231
239 0 R 240 1 R 240
240 1 R 241 1 R 241
241 0 R 242 1 R 242
242 0 R 243 1 L 249
243 0 L 244 1 L 245
244 0 L 246 1 L 246
245 0 L 247 1 L 247
246 0 R 248 1 R 248
247 1 R 248 0 R 248
248 0 R 241 0 R 241
249 0 L 250 1 L 250
250 1 L 251 1 L 251
251 0 L 252 1 L 252
252 0 L 253 1 R 259
253 0 R 254 1 R 255
254 0 R 256 1 R 256
255 0 R 257 1 R 257
256 0 L 258 1 L 258
257 1 L 258 0 L 258
258 0 L 251 0 L 251
259 0 R 260 1 R 260
260 1 R 261 1 R 261
261 0 R 262 1 R 262
262 0 R 263 1 L 269
263 0 L 264 1 L 265
264 0 L 266 1 L 266
265 0 L 267 1 L 267
266 0 R 268 1 R 268
267 1 R 268 0 R 268
268 0 R 261 0 R 261
269 0 L 270 1 L 270
270 1 L 271 1 L 271
271 0 L 272 1 L 272
272 0 L 273 1 R 279
273 0 R 274 1 R 275
274 0 R 276 1 R 276
275 0 R 277 1 R 277
276 0 L 278 1 L 278
277 1 L 278 0 L 278
278 0 L 271 0 L 271
279 0 R 280 1 R 280
280 1 R 281 1 R 281
281 0 R 282 1 R 282
282 0 R 283 1 L 289
283 0 L 284 1 L 285
284 0 L 286 1 L 286
285 0 L 287 1 L 287
286 0 R 288 1 R 288
287 1 R 288 0 R 288
288 0 R 281 0 R 281
289 0 L 290 1 L 290
290 1 L 291 1 L 291
291 0 L 292 1 L 292
292 0 L 293 1 R 299
293 0 R 294 1 R 295
294 0 R 296 1 R 296
295 0 R 297 1 R 297
296 0 L 298 1 L 298
297 1 L 298 0 L 298
298 0 L 291 0 L 291
299 0 R 300 1 R 300
300 1 R 301 1 R 301
301 0 R 302 1 R 302
302 0 R 303 1 L 309
303 0 L 304 1 L 305
304 0 L 306 1 L 306
305 0 L 307 1 L 307
306 0 R 308 1 R 308
307 1 R 308 0 R 308
308 0 R 301 0 R 301
309 0 L 310 1 L 310
310 1 L 311 1 L 311
311 0 L 312 1 L 312
312 0 L 313 1 R 319
313 0 R 314 1 R 315
314 0 R 316 1 R 316
315 0 R 317 1 R 317
316 0 L 318 1 L 318
317 1 L 318 0 L 318
318 0 L 311 0 L 311
319 0 R 320 1 R 320
320 1 R 321 1 R 321
321 0 R 322 1 R 322
322 0 R 323 1 L 329
323 0 L 324 1 L 325
324 0 L 326 1 L 326
325 0 L 327 1 L 327
326 0 R 328 1 R 328
327 1 R 328 0 R 328
328 0 R 321 0 R 321
329 0 L 330 1 L 330
330 1 L 331 1 L 331
331 0 L 332 1 L 332
332 0 L 333 1 R 339
333 0 R 334 1 R 335
334 0 R 336 1 R 336
335 0 R 337 1 R 337
336 0 L 338 1 L 338
337 1 L 338 0 L 338
338 0 L 331 0 L 331
339 0 R 340 1 R 340
340 1 R 341 1 R 341
341 0 R 342 1 R 342
342 0 R 343 1 L 349
343 0 L 344 1 L 345
344 0 L 346 1 L 346
345 0 L 347 1 L 347
346 0 R 348 1 R 348
347 1 R 348 0 R 348
348 0 R 341 0 R 341
349 0 L 350 1 L 350
350 1 L 351 1 L 351
351 0 L 352 1 L 352
352 0 L 353 1 R 359
353 0 R 354 1 R 355
354 0 R 356 1 R 356
355 0 R 357 1 R 357
356 0 L 358 1 L 358
357 1 L 358 0 L 358
358 0 L 351 0 L 351
359 0 R 360 1 R 360
360 1 R 361 1 R 361
361 0 R 362 1 R 362
362 0 R 363 1 L 369
363 0 L 364 1 L 365
364 0 L 366 1 L 366
365 0 L 367 1 L 367
366 0 R 368 1 R 368
367 1 R 368 0 R 368
368 0 R 361 0 R 361
369 0 L 370 1 L 370
370 1 L 371 1 L 371
371 0 L 372 1 L 372
372 0 L 373 1 R 379
373 0 R 374 1 R 375
374 0 R 376 1 R 376
375 0 R 377 1 R 377
376 0 L 378 1 L 378
377 1 L 378 0 L 378
378 0 L 371 0 L 371
379 0 R 380 1 R 380
380 1 R 381 1 R 381
381 0 R 382 1 R 382
382 0 R 383 1 L 389
383 0 L 384 1 L 385
384 0 L 386 1 L 386
385 0 L 387 1 L 387
386 0 R 388 1 R 388
387 1 R 388 0 R 388
388 0 R 381 0 R 381
389 0 L 390 1 L 390
390 1 L 391 1 L 391
391 0 L 392 1 L 392
392 0 L 393 1 R 399
393 0 R 394 1 R 395
394 0 R 396 1 R 396
395 0 R 397 1 R 397
396 0 L 398 1 L 398
397 1 L 398 0 L 398
398 0 L 391 0 L 391
399 0 R 400 1 R 400
400 1 R 401 1 R 401
401 0 R 402 1 R 402
402 0 R 403 1 L 409
403 0 L 404 1 L 405
404 0 L 406 1 L 406
405 0 L 407 1 L 407
406 0 R 408 1 R 408
407 1 R 408 0 R 408
408 0 R 401 0 R 401
409 0 L 410 1 L 410
410 1 L 411 1 L 411
411 0 L 412 1 L 412
412 0 L 413 1 R 419
413 0 R 414 1 R 415
414 0 R 416 1 R 416
415 0 R 417 1 R 417
416 0 L 418 1 L 418
417 1 L 418 0 L 418
418 0 L 411 0 L 411
419 0 R 420 1 R 420
420 1 R 421 1 R 421
421 0 R 422 1 R 422
422 0 R 423 1 L 429
423 0 L 424 1 L 425
424 0 L 426 1 L 426
425 0 L 427 1 L 427
426 0 R 428 1 R 428
427 1 R 428 0 R 428
428 0 R 421 0 R 421
429 0 L 430 1 L 430
430 1 L 431 1 L 431
431 0 L 432 1 L 432
432 0 L 433 1 R 439
433 0 R 434 1 R 435
434 0 R 436 1 R 436
435 0 R 437 1 R 437
436 0 L 438 1 L 438
437 1 L 438 0 L 438
438 0 L 431 0 L 431
439 0 R 440 1 R 440
440 1 R 441 1 R 441
441 0 R 442 1 R 442
442 0 R 443 1 L 449
443 0 L 444 1 L 445
444 0 L 446 1 L 446
445 0 L 447 1 L 447
446 0 R 448 1 R 448
447 1 R 448 0 R 448
448 0 R 441 0 R 441
449 0 L 450 1 L 450
450 1 L 451 1 L 451
451 0 L 452 1 L 452
452 0 L 453 1 R 459
453 0 R 454 1 R 455
454 0 R 456 1 R 456
455 0 R 457 1 R 457
456 0 L 458 1 L 458
457 1 L 458 0 L 458
458 0 L 451 0 L 451
459 0 R 460 1 R 460
460 1 R 461 1 R 461
461 0 R 462 1 R 462
462 0 R 463 1 L 469
463 0 L 464 1 L 465
464 0 L 466 1 L 466
465 0 L 467 1 L 467
466 0 R 468 1 R 468
467 1 R 468 0 R 468
468 0 R 461 0 R 461
469 0 L 470 1 L 470
470 1 L 471 1 L 471
471 0 L 472 1 L 472
472 0 L 473 1 R 479
473 0 R 474 1 R 475
474 0 R 476 1 R 476
475 0 R 477 1 R 477
476 0 L 478 1 L 478
477 1 L 478 0 L 478
478 0 L 471 0 L 471
479 0 R 480 1 R 480
480 1 R 481 1 R 481
481 0 R 482 1 R 482
482 0 R 483 1 L 489
483 0 L 484 1 L 485
484 0 L 486 1 L 486
485 0 L 487 1 L 487
486 0 R 488 1 R 488
487 1 R 488 0 R 488
488 0 R 481 0 R 481
489 0 L 490 1 L 490
490 1 L 491 1 L 491
491 0 L 492 1 L 492
492 0 L 493 1 R 499
493 0 R 494 1 R 495
494 0 R 496 1 R 496
495 0 R 497 1 R 497
496 0 L 498 1 L 498
497 1 L 498 0 L 498
498 0 L 491 0 L 491
499 0 R 500 1 R 500
500 1 R 501 1 R 501
501 0 R 502 1 R 502
502 0 R 503 1 L 509
503 0 L 504 1 L 505
504 0 L 506 1 L 506
505 0 L 507 1 L 507
506 0 R 508 1 R 508
507 1 R 508 0 R 508
508 0 R 501 0 R 501
509 0 L 510 1 L 510
510 1 L 511 1 L 511
511 0 L 512 1 L 512
512 0 L 513 1 R 519
513 0 R 514 1 R 515
514 0 R 516 1 R 516
515 0 R 517 1 R 517
516 0 L 518 1 L 518
517 1 L 518 0 L 518
518 0 L 511 0 L 511
519 0 R 520 1 R 520
520 1 R 521 1 R 521
521 0 R 522 1 R 522
522 0 R 523 1 L 529
523 0 L 524 1 L 525
524 0 L 526 1 L 526
525 0 L 527 1 L 527
526 0 R 528 1 R 528
527 1 R 528 0 R 528
528 0 R 521 0 R 521
529 0 L 530 1 L 530
530 1 L 531 1 L 531
531 0 L 532 1 L 532
532 0 L 533 1 R 539
533 0 R 534 1 R 535
534 0 R 536 1 R 536
535 0 R 537 1 R 537
536 0 L 538 1 L 538
537 1 L 538 0 L 538
538 0 L 531 0 L 531
539 0 R 540 1 R 540
540 1 R 541 1 R 541
541 0 R 542 1 R 542
542 0 R 543 1 L 549
543 0 L 544 1 L 545
544 0 L 546 1 L 546
545 0 L 547 1 L 547
546 0 R 548 1 R 548
547 1 R 548 0 R 548
548 0 R 541 0 R 541
549 0 L 550 1 L 550
550 1 L 551 1 L 551
551 0 L 552 1 L 552
552 0 L 553 1 R 559
553 0 R 554 1 R 555
554 0 R 556 1 R 556
555 0 R 557 1 R 557
556 0 L 558 1 L 558
557 1 L 558 0 L 558
558 0 L 551 0 L 551
559 0 R 560 1 R 560
560 1 R 561 1 R 561
561 0 R 562 1 R 562
562 0 R 563 1 L 569
563 0 L 564 1 L 565
564 0 L 566 1 L 566
565 0 L 567 1 L 567
566 0 R 568 1 R 568
567 1 R 568 0 R 568
568 0 R 561 0 R 561
569 0 L 570 1 L 570
570 1 L 571 1 L 571
571 0 L 572 1 L 572
572 0 L 573 1 R 579
573 0 R 574 1 R 575
574 0 R 576 1 R 576
575 0 R 577 1 R 577
576 0 L 578 1 L 578
577 1 L 578 0 L 578
578 0 L 571 0 L 571
579 0 R 580 1 R 580
580 1 R 581 1 R 581
581 0 R 582 1 R 582
582 0 R 583 1 L 589
583 0 L 584 1 L 585
584 0 L 586 1 L 586
585 0 L 587 1 L 587
586 0 R 588 1 R 588
587 1 R 588 0 R 588
588 0 R 581 0 R 581
589 0 L 590 1 L 590
590 1 L 591 1 L 591
591 0 L 592 1 L 592
592 0 L 593 1 R 599
593 0 R 594 1 R 595
594 0 R 596 1 R 596
595 0 R 597 1 R 597
596 0 L 598 1 L 598
597 1 L 598 0 L 598
598 0 L 591 0 L 591
599 0 R 600 1 R 600
600 1 R 601 1 R 601
601 0 R 602 1 R 602
602 0 R 603 1 L 609
603 0 L 604 1 L 605
604 0 L 606 1 L 606
605 0 L 607 1 L 607
606 0 R 608 1 R 608
607 1 R 608 0 R 608
608 0 R 601 0 R 601
609 0 L 610 1 L 610
610 1 L 611 1 L 611
611 0 L 612 1 L 612
612 0 L 613 1 R 619
613 0 R 614 1 R 615
614 0 R 616 1 R 616
615 0 R 617 1 R 617
616 0 L 618 1 L 618
617 1 L 618 0 L 618
618 0 L 611 0 L 611
619 0 R 620 1 R 620
620 1 R 621 1 R 621
621 0 R 622 1 R 622
622 0 R 623 1 L 629
623 0 L 624 1 L 625
624 0 L 626 1 L 626
625 0 L 627 1 L 627
626 0 R 628 1 R 628
627 1 R 628 0 R 628
628 0 R 621 0 R 621
629 0 L 630 1 L 630
630 1 L 631 1 L 631
631 0 L 632 1 L 632
632 0 L 633 1 R 639
633 0 R 634 1 R 635
634 0 R 636 1 R 636
635 0 R 637 1 R 637
636 0 L 638 1 L 638
637 1 L 638 0 L 638
638 0 L 631 0 L 631
639 0 R 640 1 R 640
640 1 R 641 1 R 641
641 0 R 642 1 R 642
642 0 R 643 1 L 649
643 0 L 644 1 L 645
644 0 L 646 1 L 646
645 0 L 647 1 L 647
646 0 R 648 1 R 648
647 1 R 648 0 R 648
648 0 R 641 0 R 641
649 0 L 650 1 L 650
650 1 L 651 1 L 651
651 0 L 652 1 L 652
652 0 L 653 1 R 659
653 0 R 654 1 R 655
654 0 R 656 1 R 656
655 0 R 657 1 R 657
656 0 L 658 1 L 658
657 1 L 658 0 L 658
658 0 L 651 0 L 651
659 0 R 660 1 R 660
660 1 R 661 1 R 661
661 0 R 662 1 R 662
662 0 R 663 1 L 669
663 0 L 664 1 L 665
664 0 L 666 1 L 666
665 0 L 667 1 L 667
666 0 R 668 1 R 668
667 1 R 668 0 R 668
668 0 R 661 0 R 661
669 0 L 670 1 L 670
670 1 L 671 1 L 671
671 0 L 672 1 L 672
672 0 L 673 1 R 679
673 0 R 674 1 R 675
674 0 R 676 1 R 676
675 0 R 677 1 R 677
676 0 L 678 1 L 678
677 1 L 678 0 L 678
678 0 L 671 0 L 671
679 0 R 680 1 R 680
680 1 R 681 1 R 681
681 0 R 682 1 R 682
682 0 R 683 1 L 689
683 0 L 684 1 L 685
684 0 L 686 1 L 686
685 0 L 687 1 L 687
686 0 R 688 1 R 688
687 1 R 688 0 R 688
688 0 R 681 0 R 681
689 0 L 690 1 L 690
690 1 L 691 1 L 691
691 0 L 692 1 L 692
692 0 L 693 1 R 699
693 0 R 694 1 R 695
694 0 R 696 1 R 696
695 0 R 697 1 R 697
696 0 L 698 1 L 698
697 1 L 698 0 L 698
698 0 L 691 0 L 691
699 0 R 700 1 R 700
700 1 R 701 1 R 701
701 0 R 702 1 R 702
702 0 R 703 1 L 709
703 0 L 704 1 L 705
704 0 L 706 1 L 706
705 0 L 707 1 L 707
706 0 R 708 1 R 708
707 1 R 708 0 R 708
708 0 R 701 0 R 701
709 0 L 710 1 L 710
710 1 L 711 1 L 711
711 0 L 712 1 L 712
712 0 L 713 1 R 719
713 0 R 714 1 R 715
714 0 R 716 1 R 716
715 0 R 717 1 R 717
716 0 L 718 1 L 718
717 1 L 718 0 L 718
718 0 L 711 0 L 711
719 0 R 720 1 R 720
720 1 R 721 1 R 721
721 0 R 722 1 R 722
722 0 R 723 1 L 729
723 0 L 724 1 L 725
724 0 L 726 1 L 726
725 0 L 727 1 L 727
726 0 R 728 1 R 728
727 1 R 728 0 R 728
728 0 R 721 0 R 721
729 0 L 730 1 L 730
730 1 L 731 1 L 731
731 0 L 732 1 L 732
732 0 L 733 1 R 739
733 0 R 734 1 R 735
734 0 R 736 1 R 736
735 0 R 737 1 R 737
736 0 L 738 1 L 738
737 1 L 738 0 L 738
738 0 L 731 0 L 731
739 0 R 740 1 R 740
740 1 R 741 1 R 741
741 0 R 742 1 R 742
742 0 R 743 1 L 749
743 0 L 744 1 L 745
744 0 L 746 1 L 746
745 0 L 747 1 L 747
746 0 R 748 1 R 748
747 1 R 748 0 R 748
748 0 R 741 0 R 741
749 0 L 750 1 L 750
750 1 L 751 1 L 751
751 0 L 752 1 L 752
752 0 L 753 1 R 759
753 0 R 754 1 R 755
754 0 R 756 1 R 756
755 0 R 757 1 R 757
756 0 L 758 1 L 758
757 1 L 758 0 L 758
758 0 L 751 0 L 751
759 0 R 760 1 R 760
760 1 R 761 1 R 761
761 0 R 762 1 R 762
762 0 R 763 1 L 769
763 0 L 764 1 L 765
764 0 L 766 1 L 766
765 0 L 767 1 L 767
766 0 R 768 1 R 768
767 1 R 768 0 R 768
768 0 R 761 0 R 761
769 0 L 770 1 L 770
770 1 L 771 1 L 771
771 0 L 772 1 L 772
772 0 L 773 1 R 779
773 0 R 774 1 R 775
774 0 R 776 1 R 776
775 0 R 777 1 R 777
776 0 L 778 1 L 778
777 1 L 778 0 L 778
778 0 L 771 0 L 771
779 0 R 780 1 R 780
780 1 R 781 1 R 781
781 0 R 782 1 R 782
782 0 R 783 1 L 789
783 0 L 784 1 L 785
784 0 L 786 1 L 786
785 0 L 787 1 L 787
786 0 R 788 1 R 788
787 1 R 788 0 R 788
788 0 R 781 0 R 781
789 0 L 790 1 L 790
790 1 L 791 1 L 791
791 0 L 792 1 L 792
792 0 L 793 1 R 799
793 0 R 794 1 R 795
794 0 R 796 1 R 796
795 0 R 797 1 R 797
796 0 L 798 1 L 798
797 1 L 798 0 L 798
798 0 L 791 0 L 791
799 0 R 800 1 R 800
800 1 R 801 1 R 801
801 0 R 802 1 R 802
802 0 R 803 1 L 809
803 0 L 804 1 L 805
804 0 L 806 1 L 806
805 0 L 807 1 L 807
806 0 R 808 1 R 808
807 1 R 808 0 R 808
808 0 R 801 0 R 801
809 0 L 810 1 L 810
810 1 L 811 1 L 811
811 0 L 812 1 L 812
812 0 L 813 1 R 819
813 0 R 814 1 R 815
814 0 R 816 1 R 816
815 0 R 817 1 R 817
816 0 L 818 1 L 818
817 1 L 818 0 L 818
818 0 L 811 0 L 811
819 0 R 820 1 R 820
820 1 R 821 1 R 821
821 0 R 822 1 R 822
822 0 R 823 1 L 829
823 0 L 824 1 L 825
824 0 L 826 1 L 826
825 0 L 827 1 L 827
826 0 R 828 1 R 828
827 1 R 828 0 R 828
828 0 R 821 0 R 821
829 0 L 830 1 L 830
830 1 L 831 1 L 831
831 0 L 832 1 L 832
832 0 L 833 1 R 839
833 0 R 834 1 R 835
834 0 R 836 1 R 836
835 0 R 837 1 R 837
836 0 L 838 1 L 838
837 1 L 838 0 L 838
838 0 L 831 0 L 831
839 0 R 840 1 R 840
840 1 R 841 1 R 841
841 0 R 842 1 R 842
842 0 R 843 1 L 849
843 0 L 844 1 L 845
844 0 L 846 1 L 846
845 0 L 847 1 L 847
846 0 R 848 1 R 848
847 1 R 848 0 R 848
848 0 R 841 0 R 841
849 0 L 850 1 L 850
850 1 L 851 1 L 851
851 0 L 852 1 L 852
852 0 L 853 1 R 859
853 0 R 854 1 R 855
854 0 R 856 1 R 856
855 0 R 857 1 R 857
856 0 L 858 1 L 858
857 1 L 858 0 L 858
858 0 L 851 0 L 851
859 0 R 860 1 R 860
860 1 R 861 1 R 861
861 0 R 862 1 R 862
862 0 R 863 1 L 869
863 0 L 864 1 L 865
864 0 L 866 1 L 866
865 0 L 867 1 L 867
866 0 R 868 1 R 868
867 1 R 868 0 R 868
868 0 R 861 0 R 861
869 0 L 870 1 L 870
870 1 L 871 1 L 871
871 0 L 872 1 L 872
872 0 L 873 1 R 879
873 0 R 874 1 R 875
874 0 R 876 1 R 876
875 0 R 877 1 R 877
876 0 L 878 1 L 878
877 1 L 878 0 L 878
878 0 L 871 0 L 871
879 0 R 880 1 R 880
880 1 R 881 1 R 881
881 0 R 882 1 R 882
882 0 R 883 1 L 889
883 0 L 884 1 L 885
884 0 L 886 1 L 886
885 0 L 887 1 L 887
886 0 R 888 1 R 888
887 1 R 888 0 R 888
888 0 R 881 0 R 881
889 0 L 890 1 L 890
890 1 L 891 1 L 891
891 0 L 892 1 L 892
892 0 L 893 1 R 899
893 0 R 894 1 R 895
894 0 R 896 1 R 896
895 0 R 897 1 R 897
896 0 L 898 1 L 898
897 1 L 898 0 L 898
898 0 L 891 0 L 891
899 0 R 900 1 R 900
900 1 R 901 1 R 901
901 0 R 902 1 R 902
902 0 R 903 1 L 909
903 0 L 904 1 L 905
904 0 L 906 1 L 906
905 0 L 907 1 L 907
906 0 R 908 1 R 908
907 1 R 908 0 R 908
908 0 R 901 0 R 901
909 0 L 910 1 L 910
910 1 L 911 1 L 911
911 0 L 912 1 L 912
912 0 L 913 1 R 919
913 0 R 914 1 R 915
914 0 R 916 1 R 916
915 0 R 917 1 R 917
916 0 L 918 1 L 918
917 1 L 918 0 L 918
918 0 L 911 0 L 911
919 0 R 920 1 R 920
920 1 R 921 1 R 921
921 0 R 922 1 R 922
922 0 R 923 1 L 929
923 0 L 924 1 L 925
924 0 L 926 1 L 926
925 0 L 927 1 L 927
926 0 R 928 1 R 928
927 1 R 928 0 R 928
928 0 R 921 0 R 921
929 0 L 930 1 L 930
930 1 L 931 1 L 931
931 0 L 932 1 L 932
932 0 L 933 1 R 939
933 0 R 934 1 R 935
934 0 R 936 1 R 936
935 0 R 937 1 R 937
936 0 L 938 1 L 938
937 1 L 938 0 L 938
938 0 L 931 0 L 931
939 0 R 940 1 R 940
940 1 R 941 1 R 941
941 0 R 942 1 R 942
942 0 R 943 1 L 949
943 0 L 944 1 L 945
944 0 L 946 1 L 946
945 0 L 947 1 L 947
946 0 R 948 1 R 948
947 1 R 948 0 R 948
948 0 R 941 0 R 941
949 0 L 950 1 L 950
950 1 L 951 1 L 951
951 0 L 952 1 L 952
952 0 L 953 1 R 959
953 0 R 954 1 R 955
954 0 R 956 1 R 956
955 0 R 957 1 R 957
956 0 L 958 1 L 958
957 1 L 958 0 L 958
958 0 L 951 0 L 951
959 0 R 960 1 R 960
960 1 R 961 1 R 961
961 0 R 962 1 R 962
962 0 R 963 1 L 969
963 0 L 964 1 L 965
964 0 L 966 1 L 966
965 0 L 967 1 L 967
966 0 R 968 1 R 968
967 1 R 968 0 R 968
968 0 R 961 0 R 961
969 0 L 970 1 L 970
970 1 L 971 1 L 971
971 0 L 972 1 L 972
972 0 L 973 1 R 979
973 0 R 974 1 R 975
974 0 R 976 1 R 976
975 0 R 977 1 R 977
976 0 L 978 1 L 978
977 1 L 978 0 L 978
978 0 L 971 0 L 971
979 0 R 980 1 R 980
980 1 R 981 1 R 981
981 0 R 982 1 R 982
982 0 R 983 1 L 989
983 0 L 984 1 L 985
984 0 L 986 1 L 986
985 0 L 987 1 L 987
986 0 R 988 1 R 988
987 1 R 988 0 R 988
988 0 R 981 0 R 981
989 0 L 990 1 L 990
990 1 L 991 1 L 991
991 0 L 992 1 L 992
992 0 L 993 1 R 999
993 0 R 994 1 R 995
994 0 R 996 1 R 996
995 0 R 997 1 R 997
996 0 L 998 1 L 998
997 1 L 998 0 L 998
998 0 L 991 0 L 991
999 0 R 1000 1 R 1000
1000 1 R 1001 1 R 1001
1001 0 R 1002 1 R 1002
1002 0 R 1003 1 L 1009
1003 0 L 1004 1 L 1005
1004 0 L 1006 1 L 1006
1005 0 L 1007 1 L 1007
1006 0 R 1008 1 R 1008
1007 1 R 1008 0 R 1008
1008 0 R 1001 0 R 1001
1009 0 L 1010 1 L 1010
1010 1 L 1011 1 L 1011
1011 0 L 1012 1 L 1012
1012 0 L 1013 1 R 1019
1013 0 R 1014 1 R 1015
1014 0 R 1016 1 R 1016
1015 0 R 1017 1 R 1017
1016 0 L 1018 1 L 1018
1017 1 L 1018 0 L 1018
1018 0 L 1011 0 L 1011
1019 0 R 1020 1 R 1020
1020 1 R 1021 1 R 1021
1021 0 R 1022 1 R 1022
1022 0 R 1023 1 L 1029
1023 0 L 1024 1 L 1025
1024 0 L 1026 1 L 1026
1025 0 L 1027 1 L 1027
1026 0 R 1028 1 R 1028
1027 1 R 1028 0 R 1028
1028 0 R 1021 0 R 1021
1029 0 L 1030 1 L 1030
1030 1 L 1031 1 L 1031
1031 0 L 1032 1 L 1032
1032 0 L 1033 1 R 1039
1033 0 R 1034 1 R 1035
1034 0 R 1036 1 R 1036
1035 0 R 1037 1 R 1037
1036 0 L 1038 1 L 1038
1037 1 L 1038 0 L 1038
1038 0 L 1031 0 L 1031
1039 0 R 1040 1 R 1040
1040 1 R 1041 1 R 1041
1041 0 R 1042 1 R 1042
1042 0 R 1043 1 L 1049
1043 0 L 1044 1 L 1045
1044 0 L 1046 1 L 1046
1045 0 L 1047 1 L 1047
1046 0 R 1048 1 R 1048
1047 1 R 1048 0 R 1048
1048 0 R 1041 0 R 1041
1049 0 L 1050 1 L 1050
1050 1 L 1051 1 L 1051
1051 0 L 1052 1 L 1052
1052 0 L 1053 1 R 1059
1053 0 R 1054 1 R 1055
1054 0 R 1056 1 R 1056
1055 0 R 1057 1 R 1057
1056 0 L 1058 1 L 1058
1057 1 L 1058 0 L 1058
1058 0 L 1051 0 L 1051
1059 0 R 1060 1 R 1060
1060 1 R 1061 1 R 1061
1061 0 R 1062 1 R 1062
1062 0 R 1063 1 L 1069
1063 0 L 1064 1 L 1065
1064 0 L 1066 1 L 1066
1065 0 L 1067 1 L 1067
1066 0 R 1068 1 R 1068
1067 1 R 1068 0 R 1068
1068 0 R 1061 0 R 1061
1069 0 L 1070 1 L 1070
1070 1 L 1071 1 L 1071
1071 0 L 1072 1 L 1072
1072 0 L 1073 1 R 1079
1073 0 R 1074 1 R 1075
1074 0 R 1076 1 R 1076
1075 0 R 1077 1 R 1077
1076 0 L 1078 1 L 1078
1077 1 L 1078 0 L 1078
1078 0 L 1071 0 L 1071
1079 0 R 1080 1 R 1080
1080 1 R 1081 1 R 1081
1081 0 R 1082 1 R 1082
1082 0 R 1083 1 L 1089
1083 0 L 1084 1 L 1085
1084 0 L 1086 1 L 1086
1085 0 L 1087 1 L 1087
1086 0 R 1088 1 R 1088
1087 1 R 1088 0 R 1088
1088 0 R 1081 0 R 1081
1089 0 L 1090 1 L 1090
1090 1 L 1091 1 L 1091
1091 0 L 1092 1 L 1092
1092 0 L 1093 1 R 1099
1093 0 R 1094 1 R 1095
1094 0 R 1096 1 R 1096
1095 0 R 1097 1 R 1097
1096 0 L 1098 1 L 1098
1097 1 L 1098 0 L 1098
1098 0 L 1091 0 L 1091
1099 0 R 1100 1 R 1100
1100 1 R 1101 1 R 1101
1101 0 R 1102 1 R 1102
1102 0 R 1103 1 L 1109
1103 0 L 1104 1 L 1105
1104 0 L 1106 1 L 1106
1105 0 L 1107 1 L 1107
1106 0 R 1108 1 R 1108
1107 1 R 1108 0 R 1108
1108 0 R 1101 0 R 1101
1109 0 L 1110 1 L 1110
1110 1 L 1111 1 L 1111
1111 0 L 1112 1 L 1112
1112 0 L 1113 1 R 1119
1113 0 R 1114 1 R 1115
1114 0 R 1116 1 R 1116
1115 0 R 1117 1 R 1117
1116 0 L 1118 1 L 1118
1117 1 L 1118 0 L 1118
1118 0 L 1111 0 L 1111
1119 0 R 1120 1 R 1120
1120 1 R 1121 1 R 1121
1121 0 R 1122 1 R 1122
1122 0 R 1123 1 L 1129
1123 0 L 1124 1 L 1125
1124 0 L 1126 1 L 1126
1125 0 L 1127 1 L 1127
1126 0 R 1128 1 R 1128
1127 1 R 1128 0 R 1128
1128 0 R 1121 0 R 1121
1129 0 L 1130 1 L 1130
1130 1 L 1131 1 L 1131
1131 0 L 1132 1 L 1132
1132 0 L 1133 1 R 1139
1133 0 R 1134 1 R 1135
1134 0 R 1136 1 R 1136
1135 0 R 1137 1 R 1137
1136 0 L 1138 1 L 1138
1137 1 L 1138 0 L 1138
1138 0 L 1131 0 L 1131
1139 0 R 1140 1 R 1140
1140 1 R 1141 1 R 1141
1141 0 R 1142 1 R 1142
1142 0 R 1143 1 L 1149
1143 0 L 1144 1 L 1145
1144 0 L 1146 1 L 1146
1145 0 L 1147 1 L 1147
1146 0 R 1148 1 R 1148
1147 1 R 1148 0 R 1148
1148 0 R 1141 0 R 1141
1149 0 L 1150 1 L 1150
1150 1 L 1151 1 L 1151
1151 0 L 1152 1 L 1152
1152 0 L 1153 1 R 1159
1153 0 R 1154 1 R 1155
1154 0 R 1156 1 R 1156
1155 0 R 1157 1 R 1157
1156 0 L 1158 1 L 1158
1157 1 L 1158 0 L 1158
1158 0 L 1151 0 L 1151
1159 0 R 1160 1 R 1160
1160 1 R 1161 1 R 1161
1161 0 R 1162 1 R 1162
1162 0 R 1163 1 L 1169
1163 0 L 1164 1 L 1165
1164 0 L 1166 1 L 1166
1165 0 L 1167 1 L 1167
1166 0 R 1168 1 R 1168
1167 1 R 1168 0 R 1168
1168 0 R 1161 0 R 1161
1169 0 L 1170 1 L 1170
1170 1 L 1171 1 L 1171
1171 0 L 1172 1 L 1172
1172 0 L 1173 1 R 1179
1173 0 R 1174 1 R 1175
1174 0 R 1176 1 R 1176
1175 0 R 1177 1 R 1177
1176 0 L 1178 1 L 1178
1177 1 L 1178 0 L 1178
1178 0 L 1171 0 L 1171
1179 0 R 1180 1 R 1180
1180 1 R 1181 1 R 1181
1181 0 R 1182 1 R 1182
1182 0 R 1183 1 L 1189
1183 0 L 1184 1 L 1185
1184 0 L 1186 1 L 1186
1185 0 L 1187 1 L 1187
1186 0 R 1188 1 R 1188
1187 1 R 1188 0 R 1188
1188 0 R 1181 0 R 1181
1189 0 L 1190 1 L 1190
1190 1 L 1191 1 L 1191
1191 0 L 1192 1 L 1192
1192 0 L 1193 1 R 1199
1193 0 R 1194 1 R 1195
1194 0 R 1196 1 R 1196
1195 0 R 1197 1 R 1197
1196 0 L 1198 1 L 1198
1197 1 L 1198 0 L 1198
1198 0 L 1191 0 L 1191
1199 0 R 1200 1 R 1200
1200 1 R 1201 1 R 1201
1201 0 R 1202 1 R 1202
1202 0 R 1203 1 L 1209
1203 0 L 1204 1 L 1205
1204 0 L 1206 1 L 1206
1205 0 L 1207 1 L 1207
1206 0 R 1208 1 R 1208
1207 1 R 1208 0 R 1208
1208 0 R 1201 0 R 1201
1209 0 L 1210 1 L 1210
1210 1 L 1211 1 L 1211
1211 0 L 1212 1 L 1212
1212 0 L 1213 1 R 1219
1213 0 R 1214 1 R 1215
1214 0 R 1216 1 R 1216
1215 0 R 1217 1 R 1217
1216 0 L 1218 1 L 1218
1217 1 L 1218 0 L 1218
1218 0 L 1211 0 L 1211
1219 0 R 1220 1 R 1220
1220 1 R 1221 1 R 1221
1221 0 R 1222 1 R 1222
1222 0 R 1223 1 L 1229
1223 0 L 1224 1 L 1225
1224 0 L 1226 1 L 1226
1225 0 L 1227 1 L 1227
1226 0 R 1228 1 R 1228
1227 1 R 1228 0 R 1228
1228 0 R 1221 0 R 1221
1229 0 L 1230 1 L 1230
1230 1 L 1231 1 L 1231
1231 0 L 1232 1 L 1232
1232 0 L 1233 1 R 1239
1233 0 R 1234 1 R 1235
1234 0 R 1236 1 R 1236
1235 0 R 1237 1 R 1237
1236 0 L 1238 1 L 1238
1237 1 L 1238 0 L 1238
1238 0 L 1231 0 L 1231
1239 0 R 1240 1 R 1240
1240 1 R 1241 1 R 1241
1241 0 R 1242 1 R 1242
1242 0 R 1243 1 L 1249
1243 0 L 1244 1 L 1245
1244 0 L 1246 1 L 1246
1245 0 L 1247 1 L 1247
1246 0 R 1248 1 R 1248
1247 1 R 1248 0 R 1248
1248 0 R 1241 0 R 1241
1249 0 L 1250 1 L 1250
1250 1 L 1251 1 L 1251
1251 0 L 1252 1 L 1252
1252 0 L 1253 1 R 1259
1253 0 R 1254 1 R 1255
1254 0 R 1256 1 R 1256
1255 0 R 1257 1 R 1257
1256 0 L 1258 1 L 1258
1257 1 L 1258 0 L 1258
1258 0 L 1251 0 L 1251
1259 0 R 1260 1 R 1260
1260 1 R 1261 1 R 1261
1261 0 R 1262 1 R 1262
1262 0 R 1263 1 L 1269
1263 0 L 1264 1 L 1265
1264 0 L 1266 1 L 1266
1265 0 L 1267 1 L 1267
1266 0 R 1268 1 R 1268
1267 1 R 1268 0 R 1268
1268 0 R 1261 0 R 1261
1269 0 L 1270 1 L 1270
1270 1 L 1271 1 L 1271
1271 0 L 1272 1 L 1272
1272 0 L 1273 1 R 1279
1273 0 R 1274 1 R 1275
1274 0 R 1276 1 R 1276
1275 0 R 1277 1 R 1277
1276 0 L 1278 1 L 1278
1277 1 L 1278 0 L 1278
1278 0 L 1271 0 L 1271
1279 0 R 1280 1 R 1280
1280 1 R 1281 1 R 1281
1281 0 R 1282 1 R 1282
1282 0 R 1283 1 L 1289
1283 0 L 1284 1 L 1285
1284 0 L 1286 1 L 1286
1285 0 L 1287 1 L 1287
1286 0 R 1288 1 R 1288
1287 1 R 1288 0 R 1288
1288 0 R 1281 0 R 1281
1289 0 L 1290 1 L 1290
1290 1 L 1291 1 L 1291
1291 0 L 1292 1 L 1292
1292 0 L 1293 1 R 1299
1293 0 R 1294 1 R 1295
1294 0 R 1296 1 R 1296
1295 0 R 1297 1 R 1297
1296 0 L 1298 1 L 1298
1297 1 L 1298 0 L 1298
1298 0 L 1291 0 L 1291
1299 0 R 1300 1 R 1300
1300 1 R 1301 1 R 1301
1301 0 R 1302 1 R 1302
1302 0 R 1303 1 L 1309
1303 0 L 1304 1 L 1305
1304 0 L 1306 1 L 1306
1305 0 L 1307 1 L 1307
1306 0 R 1308 1 R 1308
1307 1 R 1308 0 R 1308
1308 0 R 1301 0 R 1301
1309 0 L 1310 1 L 1310
1310 1 L 1311 1 L 1311
1311 0 L 1312 1 L 1312
1312 0 L 1313 1 R 1319
1313 0 R 1314 1 R 1315
1314 0 R 1316 1 R 1316
1315 0 R 1317 1 R 1317
1316 0 L 1318 1 L 1318
1317 1 L 1318 0 L 1318
1318 0 L 1311 0 L 1311
1319 0 R 1320 1 R 1320
1320 1 R 1321 1 R 1321
1321 0 R 1322 1 R 1322
1322 0 R 1323 1 L 1329
1323 0 L 1324 1 L 1325
1324 0 L 1326 1 L 1326
1325 0 L 1327 1 L 1327
1326 0 R 1328 1 R 1328
1327 1 R 1328 0 R 1328
1328 0 R 1321 0 R 1321
1329 0 L 1330 1 L 1330
1330 1 L 1331 1 L 1331
1331 0 L 1332 1 L 1332
1332 0 L 1333 1 R 1339
1333 0 R 1334 1 R 1335
1334 0 R 1336 1 R 1336
1335 0 R 1337 1 R 1337
1336 0 L 1338 1 L 1338
1337 1 L 1338 0 L 1338
1338 0 L 1331 0 L 1331
1339 0 R 1340 1 R 1340
1340 1 R 1341 1 R 1341
1341 0 R 1342 1 R 1342
1342 0 R 1343 1 L 1349
1343 0 L 1344 1 L 1345
1344 0 L 1346 1 L 1346
1345 0 L 1347 1 L 1347
1346 0 R 1348 1 R 1348
1347 1 R 1348 0 R 1348
1348 0 R 1341 0 R 1341
1349 0 L 1350 1 L 1350
1350 1 L 1351 1 L 1351
1351 0 L 1352 1 L 1352
1352 0 L 1353 1 R 1359
1353 0 R 1354 1 R 1355
1354 0 R 1356 1 R 1356
1355 0 R 1357 1 R 1357
1356 0 L 1358 1 L 1358
1357 1 L 1358 0 L 1358
1358 0 L 1351 0 L 1351
1359 0 R 1360 1 R 1360
1360 1 R 1361 1 R 1361
1361 0 R 1362 1 R 1362
1362 0 R 1363 1 L 1369
1363 0 L 1364 1 L 1365
1364 0 L 1366 1 L 1366
1365 0 L 1367 1 L 1367
1366 0 R 1368 1 R 1368
1367 1 R 1368 0 R 1368
1368 0 R 1361 0 R 1361
1369 0 L 1370 1 L 1370
1370 1 L 1371 1 L 1371
1371 0 L 1372 1 L 1372
1372 0 L 1373 1 R 1379
1373 0 R 1374 1 R 1375
1374 0 R 1376 1 R 1376
1375 0 R 1377 1 R 1377
1376 0 L 1378 1 L 1378
1377 1 L 1378 0 L 1378
1378 0 L 1371 0 L 1371
1379 0 R 1380 1 R 1380
1380 1 R 1381 1 R 1381
1381 0 R 1382 1 R 1382
1382 0 R 1383 1 L 1389
1383 0 L 1384 1 L 1385
1384 0 L 1386 1 L 1386
1385 0 L 1387 1 L 1387
1386 0 R 1388 1 R 1388
1387 1 R 1388 0 R 1388
1388 0 R 1381 0 R 1381
1389 0 L 1390 1 L 1390
1390 1 L 1391 1 L 1391
1391 0 L 1392 1 L 1392
1392 0 L 1393 1 R 1399
1393 0 R 1394 1 R 1395
1394 0 R 1396 1 R 1396
1395 0 R 1397 1 R 1397
1396 0 L 1398 1 L 1398
1397 1 L 1398 0 L 1398
1398 0 L 1391 0 L 1391
1399 0 R 1400 1 R 1400
1400 1 R 1401 1 R 1401
1401 0 R 1402 1 R 1402
1402 0 R 1403 1 L 1409
1403 0 L 1404 1 L 1405
1404 0 L 1406 1 L 1406
1405 0 L 1407 1 L 1407
1406 0 R 1408 1 R 1408
1407 1 R 1408 0 R 1408
1408 0 R 1401 0 R 1401
1409 0 L 1410 1 L 1410
1410 1 L 1411 1 L 1411
1411 0 L 1412 1 L 1412
1412 0 L 1413 1 R 1419
1413 0 R 1414 1 R 1415
1414 0 R 1416 1 R 1416
1415 0 R 1417 1 R 1417
1416 0 L 1418 1 L 1418
1417 1 L 1418 0 L 1418
1418 0 L 1411 0 L 1411
1419 0 R 1420 1 R 1420
1420 1 R 1421 1 R 1421
1421 0 R 1422 1 R 1422
1422 0 R 1423 1 L 1429
1423 0 L 1424 1 L 1425
1424 0 L 1426 1 L 1426
1425 0 L 1427 1 L 1427
1426 0 R 1428 1 R 1428
1427 1 R 1428 0 R 1428
1428 0 R 1421 0 R 1421
1429 0 L 1430 1 L 1430
1430 1 L 1431 1 L 1431
1431 0 L 1432 1 L 1432
1432 0 L 1433 1 R 1439
1433 0 R 1434 1 R 1435
1434 0 R 1436 1 R 1436
1435 0 R 1437 1 R 1437
1436 0 L 1438 1 L 1438
1437 1 L 1438 0 L 1438
1438 0 L 1431 0 L 1431
1439 0 R 1440 1 R 1440
1440 1 R 1441 1 R 1441
1441 0 R 1442 1 R 1442
1442 0 R 1443 1 L 1449
1443 0 L 1444 1 L 1445
1444 0 L 1446 1 L 1446
1445 0 L 1447 1 L 1447
1446 0 R 1448 1 R 1448
1447 1 R 1448 0 R 1448
1448 0 R 1441 0 R 1441
1449 0 L 1450 1 L 1450
1450 1 L 1451 1 L 1451
1451 0 L 1452 1 L 1452
1452 0 L 1453 1 R 1459
1453 0 R 1454 1 R 1455
1454 0 R 1456 1 R 1456
1455 0 R 1457 1 R 1457
1456 0 L 1458 1 L 1458
1457 1 L 1458 0 L 1458
1458 0 L 1451 0 L 1451
1459 0 R 1460 1 R 1460
1460 1 R 1461 1 R 1461
1461 0 R 1462 1 R 1462
1462 0 R 1463 1 L 1469
1463 0 L 1464 1 L 1465
1464 0 L 1466 1 L 1466
1465 0 L 1467 1 L 1467
1466 0 R 1468 1 R 1468
1467 1 R 1468 0 R 1468
1468 0 R 1461 0 R 1461
1469 0 L 1470 1 L 1470
1470 1 L 1471 1 L 1471
1471 0 L 1472 1 L 1472
1472 0 L 1473 1 R 1479
1473 0 R 1474 1 R 1475
1474 0 R 1476 1 R 1476
1475 0 R 1477 1 R 1477
1476 0 L 1478 1 L 1478
1477 1 L 1478 0 L 1478
1478 0 L 1471 0 L 1471
1479 0 R 1480 1 R 1480
1480 1 R 1481 1 R 1481
1481 0 R 1482 1 R 1482
1482 0 R 1483 1 L 1489
1483 0 L 1484 1 L 1485
1484 0 L 1486 1 L 1486
1485 0 L 1487 1 L 1487
1486 0 R 1488 1 R 1488
1487 1 R 1488 0 R 1488
1488 0 R 1481 0 R 1481
1489 0 L 1490 1 L 1490
1490 1 L 1491 1 L 1491
1491 0 L 1492 1 L 1492
1492 0 L 1493 1 R 1499
1493 0 R 1494 1 R 1495
1494 0 R 1496 1 R 1496
1495 0 R 1497 1 R 1497
1496 0 L 1498 1 L 1498
1497 1 L 1498 0 L 1498
1498 0 L 1491 0 L 1491
1499 0 R 1500 1 R 1500
1500 1 R 1501 1 R 1501
1501 0 R 1502 1 R 1502
1502 0 R 1503 1 L 1509
1503 0 L 1504 1 L 1505
1504 0 L 1506 1 L 1506
1505 0 L 1507 1 L 1507
1506 0 R 1508 1 R 1508
1507 1 R 1508 0 R 1508
1508 0 R 1501 0 R 1501
1509 0 L 1510 1 L 1510
1510 1 L 1511 1 L 1511
1511 0 L 1512 1 L 1512
1512 0 L 1513 1 R 1519
1513 0 R 1514 1 R 1515
1514 0 R 1516 1 R 1516
1515 0 R 1517 1 R 1517
1516 0 L 1518 1 L 1518
1517 1 L 1518 0 L 1518
1518 0 L 1511 0 L 1511
1519 0 R 1520 1 R 1520
1520 1 R 1521 1 R 1521
1521 0 R 1522 1 R 1522
1522 0 R 1523 1 L 1529
1523 0 L 1524 1 L 1525
1524 0 L 1526 1 L 1526
1525 0 L 1527 1 L 1527
1526 0 R 1528 1 R 1528
1527 1 R 1528 0 R 1528
1528 0 R 1521 0 R 1521
1529 0 L 1530 1 L 1530
1530 1 L 1531 1 L 1531
1531 0 L 1532 1 L 1532
1532 0 L 1533 1 R 1539
1533 0 R 1534 1 R 1535
1534 0 R 1536 1 R 1536
1535 0 R 1537 1 R 1537
1536 0 L 1538 1 L 1538
1537 1 L 1538 0 L 1538
1538 0 L 1531 0 L 1531
1539 0 R 1540 1 R 1540
1540 1 R 1541 1 R 1541
1541 0 R 1542 1 R 1542
1542 0 R 1543 1 L 1549
1543 0 L 1544 1 L 1545
1544 0 L 1546 1 L 1546
1545 0 L 1547 1 L 1547
1546 0 R 1548 1 R 1548
1547 1 R 1548 0 R 1548
1548 0 R 1541 0 R 1541
1549 0 L 1550 1 L 1550
1550 1 L 1551 1 L 1551
1551 0 L 1552 1 L 1552
1552 0 L 1553 1 R 1559
1553 0 R 1554 1 R 1555
1554 0 R 1556 1 R 1556
1555 0 R 1557 1 R 1557
1556 0 L 1558 1 L 1558
1557 1 L 1558 0 L 1558
1558 0 L 1551 0 L 1551
1559 0 R 1560 1 R 1560
1560 1 R 1561 1 R 1561
1561 0 R 1562 1 R 1562
1562 0 R 1563 1 L 1569
1563 0 L 1564 1 L 1565
1564 0 L 1566 1 L 1566
1565 0 L 1567 1 L 1567
1566 0 R 1568 1 R 1568
1567 1 R 1568 0 R 1568
1568 0 R 1561 0 R 1561
1569 0 L 1570 1 L 1570
1570 1 L 1571 1 L 1571
1571 0 L 1572 1 L 1572
1572 0 L 1573 1 R 1579
1573 0 R 1574 1 R 1575
1574 0 R 1576 1 R 1576
1575 0 R 1577 1 R 1577
1576 0 L 1578 1 L 1578
1577 1 L 1578 0 L 1578
1578 0 L 1571 0 L 1571
1579 0 R 1580 1 R 1580
1580 1 R 1581 1 R 1581
1581 0 R 1582 1 R 1582
1582 0 R 1583 1 L 1589
1583 0 L 1584 1 L 1585
1584 0 L 1586 1 L 1586
1585 0 L 1587 1 L 1587
1586 0 R 1588 1 R 1588
1587 1 R 1588 0 R 1588
1588 0 R 1581 0 R 1581
1589 0 L 1590 1 L 1590
1590 1 L 1591 1 L 1591
1591 0 L 1592 1 L 1592
1592 0 L 1593 1 R 1599
1593 0 R 1594 1 R 1595
1594 0 R 1596 1 R 1596
1595 0 R 1597 1 R 1597
1596 0 L 1598 1 L 1598
1597 1 L 1598 0 L 1598
1598 0 L 1591 0 L 1591
1599 0 R 1600 1 R 1600
1600 1 R 1601 1 R 1601
1601 0 R 1602 1 R 1602
1602 0 R 1603 1 L 1609
1603 0 L 1604 1 L 1605
1604 0 L 1606 1 L 1606
1605 0 L 1607 1 L 1607
1606 0 R 1608 1 R 1608
1607 1 R 1608 0 R 1608
1608 0 R 1601 0 R 1601
1609 0 L 1610 1 L 1610
1610 1 L 1611 1 L 1611
1611 0 L 1612 1 L 1612
1612 0 L 1613 1 R 1619
1613 0 R 1614 1 R 1615
1614 0 R 1616 1 R 1616
1615 0 R 1617 1 R 1617
1616 0 L 1618 1 L 1618
1617 1 L 1618 0 L 1618
1618 0 L 1611 0 L 1611
1619 0 R 1620 1 R 1620
1620 1 R 1621 1 R 1621
1621 0 R 1622 1 R 1622
1622 0 R 1623 1 L 1629
1623 0 L 1624 1 L 1625
1624 0 L 1626 1 L 1626
1625 0 L 1627 1 L 1627
1626 0 R 1628 1 R 1628
1627 1 R 1628 0 R 1628
1628 0 R 1621 0 R 1621
1629 0 L 1630 1 L 1630
1630 1 L 1631 1 L 1631
1631 0 L 1632 1 L 1632
1632 0 L 1633 1 R 1639
1633 0 R 1634 1 R 1635
1634 0 R 1636 1 R 1636
1635 0 R 1637 1 R 1637
1636 0 L 1638 1 L 1638
1637 1 L 1638 0 L 1638
1638 0 L 1631 0 L 1631
1639 0 R 1640 1 R 1640
1640 1 R 1641 1 R 1641
1641 0 R 1642 1 R 1642
1642 0 R 1643 1 L 1649
1643 0 L 1644 1 L 1645
1644 0 L 1646 1 L 1646
1645 0 L 1647 1 L 1647
1646 0 R 1648 1 R 1648
1647 1 R 1648 0 R 1648
1648 0 R 1641 0 R 1641
1649 0 L 1650 1 L 1650
1650 1 L 1651 1 L 1651
1651 0 L 1652 1 L 1652
1652 0 L 1653 1 R 1659
1653 0 R 1654 1 R 1655
1654 0 R 1656 1 R 1656
1655 0 R 1657 1 R 1657
1656 0 L 1658 1 L 1658
1657 1 L 1658 0 L 1658
1658 0 L 1651 0 L 1651
1659 0 R 1660 1 R 1660
1660 1 R 1661 1 R 1661
1661 0 R 1662 1 R 1662
1662 0 R 1663 1 L 1669
1663 0 L 1664 1 L 1665
1664 0 L 1666 1 L 1666
1665 0 L 1667 1 L 1667
1666 0 R 1668 1 R 1668
1667 1 R 1668 0 R 1668
1668 0 R 1661 0 R 1661
1669 0 L 1670 1 L 1670
1670 1 L 1671 1 L 1671
1671 0 L 1672 1 L 1672
1672 0 L 1673 1 R 1679
1673 0 R 1674 1 R 1675
1674 0 R 1676 1 R 1676
1675 0 R 1677 1 R 1677
1676 0 L 1678 1 L 1678
1677 1 L 1678 0 L 1678
1678 0 L 1671 0 L 1671
1679 0 R 1680 1 R 1680
1680 1 R 1681 1 R 1681
1681 0 R 1682 1 R 1682
1682 0 R 1683 1 L 1689
1683 0 L 1684 1 L 1685
1684 0 L 1686 1 L 1686
1685 0 L 1687 1 L 1687
1686 0 R 1688 1 R 1688
1687 1 R 1688 0 R 1688
1688 0 R 1681 0 R 1681
1689 0 L 1690 1 L 1690
1690 1 L 1691 1 L 1691
1691 0 L 1692 1 L 1692
1692 0 L 1693 1 R 1699
1693 0 R 1694 1 R 1695
1694 0 R 1696 1 R 1696
1695 0 R 1697 1 R 1697
1696 0 L 1698 1 L 1698
1697 1 L 1698 0 L 1698
1698 0 L 1691 0 L 1691
1699 0 R 1700 1 R 1700
1700 1 R 1701 1 R 1701
1701 0 R 1702 1 R 1702
1702 0 R 1703 1 L 1709
1703 0 L 1704 1 L 1705
1704 0 L 1706 1 L 1706
1705 0 L 1707 1 L 1707
1706 0 R 1708 1 R 1708
1707 1 R 1708 0 R 1708
1708 0 R 1701 0 R 1701
1709 0 L 1710 1 L 1710
1710 1 L 1711 1 L 1711
1711 0 L 1712 1 L 1712
1712 0 L 1713 1 R 1719
1713 0 R 1714 1 R 1715
1714 0 R 1716 1 R 1716
1715 0 R 1717 1 R 1717
1716 0 L 1718 1 L 1718
1717 1 L 1718 0 L 1718
1718 0 L 1711 0 L 1711
1719 0 R 1720 1 R 1720
1720 1 R 1721 1 R 1721
1721 0 R 1722 1 R 1722
1722 0 R 1723 1 L 1729
1723 0 L 1724 1 L 1725
1724 0 L 1726 1 L 1726
1725 0 L 1727 1 L 1727
1726 0 R 1728 1 R 1728
1727 1 R 1728 0 R 1728
1728 0 R 1721 0 R 1721
1729 0 L 1730 1 L 1730
1730 1 L 1731 1 L 1731
1731 0 L 1732 1 L 1732
1732 0 L 1733 1 R 1739
1733 0 R 1734 1 R 1735
1734 0 R 1736 1 R 1736
1735 0 R 1737 1 R 1737
1736 0 L 1738 1 L 1738
1737 1 L 1738 0 L 1738
1738 0 L 1731 0 L 1731
1739 0 R 1740 1 R 1740
1740 1 R 1741 1 R 1741
1741 0 R 1742 1 R 1742
1742 0 R 1743 1 L 1749
1743 0 L 1744 1 L 1745
1744 0 L 1746 1 L 1746
1745 0 L 1747 1 L 1747
1746 0 R 1748 1 R 1748
1747 1 R 1748 0 R 1748
1748 0 R 1741 0 R 1741
1749 0 L 1750 1 L 1750
1750 1 L 1751 1 L 1751
1751 0 L 1752 1 L 1752
1752 0 L 1753 1 R 1759
1753 0 R 1754 1 R 1755
1754 0 R 1756 1 R 1756
1755 0 R 1757 1 R 1757
1756 0 L 1758 1 L 1758
1757 1 L 1758 0 L 1758
1758 0 L 1751 0 L 1751
1759 0 R 1760 1 R 1760
1760 1 R 1761 1 R 1761
1761 0 R 1762 1 R 1762
1762 0 R 1763 1 L 1769
1763 0 L 1764 1 L 1765
1764 0 L 1766 1 L 1766
1765 0 L 1767 1 L 1767
1766 0 R 1768 1 R 1768
1767 1 R 1768 0 R 1768
1768 0 R 1761 0 R 1761
1769 0 L 1770 1 L 1770
1770 1 L 1771 1 L 1771
1771 0 L 1772 1 L 1772
1772 0 L 1773 1 R 1779
1773 0 R 1774 1 R 1775
1774 0 R 1776 1 R 1776
1775 0 R 1777 1 R 1777
1776 0 L 1778 1 L 1778
1777 1 L 1778 0 L 1778
1778 0 L 1771 0 L 1771
1779 0 R 1780 1 R 1780
1780 1 R 1781 1 R 1781
1781 0 R 1782 1 R 1782
1782 0 R 1783 1 L 1789
1783 0 L 1784 1 L 1785
1784 0 L 1786 1 L 1786
1785 0 L 1787 1 L 1787
1786 0 R 1788 1 R 1788
1787 1 R 1788 0 R 1788
1788 0 R 1781 0 R 1781
1789 0 L 1790 1 L 1790
1790 1 L 1791 1 L 1791
1791 0 L 1792 1 L 1792
1792 0 L 1793 1 R 1799
1793 0 R 1794 1 R 1795
1794 0 R 1796 1 R 1796
1795 0 R 1797 1 R 1797
1796 0 L 1798 1 L 1798
1797 1 L 1798 0 L 1798
1798 0 L 1791 0 L 1791
1799 0 R 1800 1 R 1800
1800 1 R 1801 1 R 1801
1801 0 R 1802 1 R 1802
1802 0 R 1803 1 L 1809
1803 0 L 1804 1 L 1805
1804 0 L 1806 1 L 1806
1805 0 L 1807 1 L 1807
1806 0 R 1808 1 R 1808
1807 1 R 1808 0 R 1808
1808 0 R 1801 0 R 1801
1809 0 L 1810 1 L 1810
1810 1 L 1811 1 L 1811
1811 0 L 1812 1 L 1812
1812 0 L 1813 1 R 1819
1813 0 R 1814 1 R 1815
1814 0 R 1816 1 R 1816
1815 0 R 1817 1 R 1817
1816 0 L 1818 1 L 1818
1817 1 L 1818 0 L 1818
1818 0 L 1811 0 L 1811
1819 0 R 1820 1 R 1820
1820 1 R 1821 1 R 1821
1821 0 R 1822 1 R 1822
1822 0 R 1823 1 L 1829
1823 0 L 1824 1 L 1825
1824 0 L 1826 1 L 1826
1825 0 L 1827 1 L 1827
1826 0 R 1828 1 R 1828
1827 1 R 1828 0 R 1828
1828 0 R 1821 0 R 1821
1829 0 L 1830 1 L 1830
1830 1 L 1831 1 L 1831
1831 0 L 1832 1 L 1832
1832 0 L 1833 1 R 1839
1833 0 R 1834 1 R 1835
1834 0 R 1836 1 R 1836
1835 0 R 1837 1 R 1837
1836 0 L 1838 1 L 1838
1837 1 L 1838 0 L 1838
1838 0 L 1831 0 L 1831
1839 0 R 1840 1 R 1840
1840 1 R 1841 1 R 1841
1841 0 R 1842 1 R 1842
1842 0 R 1843 1 L 1849
1843 0 L 1844 1 L 1845
1844 0 L 1846 1 L 1846
1845 0 L 1847 1 L 1847
1846 0 R 1848 1 R 1848
1847 1 R 1848 0 R 1848
1848 0 R 1841 0 R 1841
1849 0 L 1850 1 L 1850
1850 1 L 1851 1 L 1851
1851 0 L 1852 1 L 1852
1852 0 L 1853 1 R 1859
1853 0 R 1854 1 R 1855
1854 0 R 1856 1 R 1856
1855 0 R 1857 1 R 1857
1856 0 L 1858 1 L 1858
1857 1 L 1858 0 L 1858
1858 0 L 1851 0 L 1851
1859 0 R 1860 1 R 1860
1860 1 R 1861 1 R 1861
1861 0 R 1862 1 R 1862
1862 0 R 1863 1 L 1869
1863 0 L 1864 1 L 1865
1864 0 L 1866 1 L 1866
1865 0 L 1867 1 L 1867
1866 0 R 1868 1 R 1868
1867 1 R 1868 0 R 1868
1868 0 R 1861 0 R 1861
1869 0 L 1870 1 L 1870
1870 1 L 1871 1 L 1871
1871 0 L 1872 1 L 1872
1872 0 L 1873 1 R 1879
1873 0 R 1874 1 R 1875
1874 0 R 1876 1 R 1876
1875 0 R 1877 1 R 1877
1876 0 L 1878 1 L 1878
1877 1 L 1878 0 L 1878
1878 0 L 1871 0 L 1871
1879 0 R 1880 1 R 1880
1880 1 R 1881 1 R 1881
1881 0 R 1882 1 R 1882
1882 0 R 1883 1 L 1889
1883 0 L 1884 1 L 1885
1884 0 L 1886 1 L 1886
1885 0 L 1887 1 L 1887
1886 0 R 1888 1 R 1888
1887 1 R 1888 0 R 1888
1888 0 R 1881 0 R 1881
1889 0 L 1890 1 L 1890
1890 1 L 1891 1 L 1891
1891 0 L 1892 1 L 1892
1892 0 L 1893 1 R 1899
1893 0 R 1894 1 R 1895
1894 0 R 1896 1 R 1896
1895 0 R 1897 1 R 1897
1896 0 L 1898 1 L 1898
1897 1 L 1898 0 L 1898
1898 0 L 1891 0 L 1891
1899 0 R 1900 1 R 1900
1900 1 R 1901 1 R 1901
1901 0 R 1902 1 R 1902
1902 0 R 1903 1 L 1909
1903 0 L 1904 1 L 1905
1904 0 L 1906 1 L 1906
1905 0 L 1907 1 L 1907
1906 0 R 1908 1 R 1908
1907 1 R 1908 0 R 1908
1908 0 R 1901 0 R 1901
1909 0 L 1910 1 L 1910
1910 1 L 1911 1 L 1911
1911 0 L 1912 1 L 1912
1912 0 L 1913 1 R 1919
1913 0 R 1914 1 R 1915
1914 0 R 1916 1 R 1916
1915 0 R 1917 1 R 1917
1916 0 L 1918 1 L 1918
1917 1 L 1918 0 L 1918
1918 0 L 1911 0 L 1911
1919 0 R 1920 1 R 1920
1920 1 R 1921 1 R 1921
1921 0 R 1922 1 R 1922
1922 0 R 1923 1 L 1929
1923 0 L 1924 1 L 1925
1924 0 L 1926 1 L 1926
1925 0 L 1927 1 L 1927
1926 0 R 1928 1 R 1928
1927 1 R 1928 0 R 1928
1928 0 R 1921 0 R 1921
1929 0 L 1930 1 L 1930
1930 1 L 1931 1 L 1931
1931 0 L 1932 1 L 1932
1932 0 L 1933 1 R 1939
1933 0 R 1934 1 R 1935
1934 0 R 1936 1 R 1936
1935 0 R 1937 1 R 1937
1936 0 L 1938 1 L 1938
1937 1 L 1938 0 L 1938
1938 0 L 1931 0 L 1931
1939 0 R 1940 1 R 1940
1940 1 R 1941 1 R 1941
1941 0 R 1942 1 R 1942
1942 0 R 1943 1 L 1949
1943 0 L 1944 1 L 1945
1944 0 L 1946 1 L 1946
1945 0 L 1947 1 L 1947
1946 0 R 1948 1 R 1948
1947 1 R 1948 0 R 1948
1948 0 R 1941 0 R 1941
1949 0 L 1950 1 L 1950
1950 1 L 1951 1 L 1951
1951 0 L 1952 1 L 1952
1952 0 L 1953 1 R 1959
1953 0 R 1954 1 R 1955
1954 0 R 1956 1 R 1956
1955 0 R 1957 1 R 1957
1956 0 L 1958 1 L 1958
1957 1 L 1958 0 L 1958
1958 0 L 1951 0 L 1951
1959 0 R 1960 1 R 1960
1960 1 R 1961 1 R 1961
1961 0 R 1962 1 R 1962
1962 0 R 1963 1 L 1969
1963 0 L 1964 1 L 1965
1964 0 L 1966 1 L 1966
1965 0 L 1967 1 L 1967
1966 0 R 1968 1 R 1968
1967 1 R 1968 0 R 1968
1968 0 R 1961 0 R 1961
1969 0 L 1970 1 L 1970
1970 1 L 1971 1 L 1971
1971 0 L 1972 1 L 1972
1972 0 L 1973 1 R 1979
1973 0 R 1974 1 R 1975
1974 0 R 1976 1 R 1976
1975 0 R 1977 1 R 1977
1976 0 L 1978 1 L 1978
1977 1 L 1978 0 L 1978
1978 0 L 1971 0 L 1971
1979 0 R 1980 1 R 1980
1980 1 R 1981 1 R 1981
1981 0 R 1982 1 R 1982
1982 0 R 1983 1 L 1989
1983 0 L 1984 1 L 1985
1984 0 L 1986 1 L 1986
1985 0 L 1987 1 L 1987
1986 0 R 1988 1 R 1988
1987 1 R 1988 0 R 1988
1988 0 R 1981 0 R 1981
1989 0 L 1990 1 L 1990
1990 1 L 1991 1 L 1991
1991 0 L 1992 1 L 1992
1992 0 L 1993 1 R 1999
1993 0 R 1994 1 R 1995
1994 0 R 1996 1 R 1996
1995 0 R 1997 1 R 1997
1996 0 L 1998 1 L 1998
1997 1 L 1998 0 L 1998
1998 0 L 1991 0 L 1991
1999 0 R 2000 1 R 2000
2000 1 R 2001 1 R 2001
2001 0 R 2002 1 R 2002
2002 0 R 2003 1 L 2009
2003 0 L 2004 1 L 2005
2004 0 L 2006 1 L 2006
2005 0 L 2007 1 L 2007
2006 0 R 2008 1 R 2008
2007 1 R 2008 0 R 2008
2008 0 R 2001 0 R 2001
2009 0 L 2010 1 L 2010
2010 1 L 2011 1 L 2011
2011 0 L 2012 1 L 2012
2012 0 L 2013 1 R 2019
2013 0 R 2014 1 R 2015
2014 0 R 2016 1 R 2016
2015 0 R 2017 1 R 2017
2016 0 L 2018 1 L 2018
2017 1 L 2018 0 L 2018
2018 0 L 2011 0 L 2011
2019 0 R 2020 1 R 2020
2020 1 R 2021 1 R 2021
2021 0 R 2022 1 R 2022
2022 0 R 2023 1 L 2029
2023 0 L 2024 1 L 2025
2024 0 L 2026 1 L 2026
2025 0 L 2027 1 L 2027
2026 0 R 2028 1 R 2028
2027 1 R 2028 0 R 2028
2028 0 R 2021 0 R 2021
2029 0 L 2030 1 L 2030
2030 1 L 2031 1 L 2031
2031 0 L 2032 1 L 2032
2032 0 L 2033 1 R 2039
2033 0 R 2034 1 R 2035
2034 0 R 2036 1 R 2036
2035 0 R 2037 1 R 2037
2036 0 L 2038 1 L 2038
2037 1 L 2038 0 L 2038
2038 0 L 2031 0 L 2031
2039 0 R 2040 1 R 2040
2040 1 R 2041 1 R 2041
2041 0 R 2042 1 R 2042
2042 0 R 2043 1 L 2049
2043 0 L 2044 1 L 2045
2044 0 L 2046 1 L 2046
2045 0 L 2047 1 L 2047
2046 0 R 2048 1 R 2048
2047 1 R 2048 0 R 2048
2048 0 R 2041 0 R 2041
2049 0 L 2050 1 L 2050
2050 1 L 2051 1 L 2051
2051 0 L 2052 1 L 2052
2052 0 L 2053 1 R 2059
2053 0 R 2054 1 R 2055
2054 0 R 2056 1 R 2056
2055 0 R 2057 1 R 2057
2056 0 L 2058 1 L 2058
2057 1 L 2058 0 L 2058
2058 0 L 2051 0 L 2051
2059 0 R 2060 1 R 2060
2060 1 R 2061 1 R 2061
2061 0 R 2062 1 R 2062
2062 0 R 2063 1 L 2069
2063 0 L 2064 1 L 2065
2064 0 L 2066 1 L 2066
2065 0 L 2067 1 L 2067
2066 0 R 2068 1 R 2068
2067 1 R 2068 0 R 2068
2068 0 R 2061 0 R 2061
2069 0 L 2070 1 L 2070
2070 1 L 2071 1 L 2071
2071 0 L 2072 1 L 2072
2072 0 L 2073 1 R 2079
2073 0 R 2074 1 R 2075
2074 0 R 2076 1 R 2076
2075 0 R 2077 1 R 2077
2076 0 L 2078 1 L 2078
2077 1 L 2078 0 L 2078
2078 0 L 2071 0 L 2071
2079 0 R 2080 1 R 2080
2080 1 R 2081 1 R 2081
2081 0 R 2082 1 R 2082
2082 0 R 2083 1 L 2089
2083 0 L 2084 1 L 2085
2084 0 L 2086 1 L 2086
2085 0 L 2087 1 L 2087
2086 0 R 2088 1 R 2088
2087 1 R 2088 0 R 2088
2088 0 R 2081 0 R 2081
2089 0 L 2090 1 L 2090
2090 1 L 2091 1 L 2091
2091 0 L 2092 1 L 2092
2092 0 L 2093 1 R 2099
2093 0 R 2094 1 R 2095
2094 0 R 2096 1 R 2096
2095 0 R 2097 1 R 2097
2096 0 L 2098 1 L 2098
2097 1 L 2098 0 L 2098
2098 0 L 2091 0 L 2091
2099 0 R 2100 1 R 2100
2100 1 R 2101 1 R 2101
2101 0 R 2102 1 R 2102
2102 0 R 2103 1 L 2109
2103 0 L 2104 1 L 2105
2104 0 L 2106 1 L 2106
2105 0 L 2107 1 L 2107
2106 0 R 2108 1 R 2108
2107 1 R 2108 0 R 2108
2108 0 R 2101 0 R 2101
2109 0 L 2110 1 L 2110
2110 1 L 2111 1 L 2111
2111 0 L 2112 1 L 2112
2112 0 L 2113 1 R 2119
2113 0 R 2114 1 R 2115
2114 0 R 2116 1 R 2116
2115 0 R 2117 1 R 2117
2116 0 L 2118 1 L 2118
2117 1 L 2118 0 L 2118
2118 0 L 2111 0 L 2111
2119 0 R 2120 1 R 2120
2120 1 R 2121 1 R 2121
2121 0 R 2122 1 R 2122
2122 0 R 2123 1 L 2129
2123 0 L 2124 1 L 2125
2124 0 L 2126 1 L 2126
2125 0 L 2127 1 L 2127
2126 0 R 2128 1 R 2128
2127 1 R 2128 0 R 2128
2128 0 R 2121 0 R 2121
2129 0 L 2130 1 L 2130
2130 1 L 2131 1 L 2131
2131 0 L 2132 1 L 2132
2132 0 L 2133 1 R 2139
2133 0 R 2134 1 R 2135
2134 0 R 2136 1 R 2136
2135 0 R 2137 1 R 2137
2136 0 L 2138 1 L 2138
2137 1 L 2138 0 L 2138
2138 0 L 2131 0 L 2131
2139 0 R 2140 1 R 2140
2140 1 R 2141 1 R 2141
2141 0 R 2142 1 R 2142
2142 0 R 2143 1 L 2149
2143 0 L 2144 1 L 2145
2144 0 L 2146 1 L 2146
2145 0 L 2147 1 L 2147
2146 0 R 2148 1 R 2148
2147 1 R 2148 0 R 2148
2148 0 R 2141 0 R 2141
2149 0 L 2150 1 L 2150
2150 1 L 2151 1 L 2151
2151 0 L 2152 1 L 2152
2152 0 L 2153 1 R 2159
2153 0 R 2154 1 R 2155
2154 0 R 2156 1 R 2156
2155 0 R 2157 1 R 2157
2156 0 L 2158 1 L 2158
2157 1 L 2158 0 L 2158
2158 0 L 2151 0 L 2151
2159 0 R 2160 1 R 2160
2160 1 R 2161 1 R 2161
2161 0 R 2162 1 R 2162
2162 0 R 2163 1 L 2169
2163 0 L 2164 1 L 2165
2164 0 L 2166 1 L 2166
2165 0 L 2167 1 L 2167
2166 0 R 2168 1 R 2168
2167 1 R 2168 0 R 2168
2168 0 R 2161 0 R 2161
2169 0 L 2170 1 L 2170
2170 1 L 2171 1 L 2171
2171 0 L 2172 1 L 2172
2172 0 L 2173 1 R 2179
2173 0 R 2174 1 R 2175
2174 0 R 2176 1 R 2176
2175 0 R 2177 1 R 2177
2176 0 L 2178 1 L 2178
2177 1 L 2178 0 L 2178
2178 0 L 2171 0 L 2171
2179 0 R 2180 1 R 2180
2180 1 R 2181 1 R 2181
2181 0 R 2182 1 R 2182
2182 0 R 2183 1 L 2189
2183 0 L 2184 1 L 2185
2184 0 L 2186 1 L 2186
2185 0 L 2187 1 L 2187
2186 0 R 2188 1 R 2188
2187 1 R 2188 0 R 2188
2188 0 R 2181 0 R 2181
2189 0 L 2190 1 L 2190
2190 1 L 2191 1 L 2191
2191 0 L 2192 1 L 2192
2192 0 L 2193 1 R 2199
2193 0 R 2194 1 R 2195
2194 0 R 2196 1 R 2196
2195 0 R 2197 1 R 2197
2196 0 L 2198 1 L 2198
2197 1 L 2198 0 L 2198
2198 0 L 2191 0 L 2191
2199 0 R 2200 1 R 2200
2200 1 R 2201 1 R 2201
2201 0 R 2202 1 R 2202
2202 0 R 2203 1 L 2209
2203 0 L 2204 1 L 2205
2204 0 L 2206 1 L 2206
2205 0 L 2207 1 L 2207
2206 0 R 2208 1 R 2208
2207 1 R 2208 0 R 2208
2208 0 R 2201 0 R 2201
2209 0 L 2210 1 L 2210
2210 1 L 2211 1 L 2211
2211 0 L 2212 1 L 2212
2212 0 L 2213 1 R 2219
2213 0 R 2214 1 R 2215
2214 0 R 2216 1 R 2216
2215 0 R 2217 1 R 2217
2216 0 L 2218 1 L 2218
2217 1 L 2218 0 L 2218
2218 0 L 2211 0 L 2211
2219 0 R 2220 1 R 2220
2220 1 R 2221 1 R 2221
2221 0 R 2222 1 R 2222
2222 0 R 2223 1 L 2229
2223 0 L 2224 1 L 2225
2224 0 L 2226 1 L 2226
2225 0 L 2227 1 L 2227
2226 0 R 2228 1 R 2228
2227 1 R 2228 0 R 2228
2228 0 R 2221 0 R 2221
2229 0 L 2230 1 L 2230
2230 1 L 2231 1 L 2231
2231 0 L 2232 1 L 2232
2232 0 L 2233 1 R 2239
2233 0 R 2234 1 R 2235
2234 0 R 2236 1 R 2236
2235 0 R 2237 1 R 2237
2236 0 L 2238 1 L 2238
2237 1 L 2238 0 L 2238
2238 0 L 2231 0 L 2231
2239 0 R 2240 1 R 2240
2240 1 R 2241 1 R 2241
2241 0 R 2242 1 R 2242
2242 0 R 2243 1 L 2249
2243 0 L 2244 1 L 2245
2244 0 L 2246 1 L 2246
2245 0 L 2247 1 L 2247
2246 0 R 2248 1 R 2248
2247 1 R 2248 0 R 2248
2248 0 R 2241 0 R 2241
2249 0 L 2250 1 L 2250
2250 1 L 2251 1 L 2251
2251 0 L 2252 1 L 2252
2252 0 L 2253 1 R 2259
2253 0 R 2254 1 R 2255
2254 0 R 2256 1 R 2256
2255 0 R 2257 1 R 2257
2256 0 L 2258 1 L 2258
2257 1 L 2258 0 L 2258
2258 0 L 2251 0 L 2251
2259 0 R 2260 1 R 2260
2260 1 R 2261 1 R 2261
2261 0 R 2262 1 R 2262
2262 0 R 2263 1 L 2269
2263 0 L 2264 1 L 2265
2264 0 L 2266 1 L 2266
2265 0 L 2267 1 L 2267
2266 0 R 2268 1 R 2268
2267 1 R 2268 0 R 2268
2268 0 R 2261 0 R 2261
2269 0 L 2270 1 L 2270
2270 1 L 2271 1 L 2271
2271 0 L 2272 1 L 2272
2272 0 L 2273 1 R 2279
2273 0 R 2274 1 R 2275
2274 0 R 2276 1 R 2276
2275 0 R 2277 1 R 2277
2276 0 L 2278 1 L 2278
2277 1 L 2278 0 L 2278
2278 0 L 2271 0 L 2271
2279 0 R 2280 1 R 2280
2280 1 R 2281 1 R 2281
2281 0 R 2282 1 R 2282
2282 0 R 2283 1 L 2289
2283 0 L 2284 1 L 2285
2284 0 L 2286 1 L 2286
2285 0 L 2287 1 L 2287
2286 0 R 2288 1 R 2288
2287 1 R 2288 0 R 2288
2288 0 R 2281 0 R 2281
2289 0 L 2290 1 L 2290
2290 1 L 2291 1 L 2291
2291 0 L 2292 1 L 2292
2292 0 L 2293 1 R 2299
2293 0 R 2294 1 R 2295
2294 0 R 2296 1 R 2296
2295 0 R 2297 1 R 2297
2296 0 L 2298 1 L 2298
2297 1 L 2298 0 L 2298
2298 0 L 2291 0 L 2291
2299 0 R 2300 1 R 2300
2300 1 R 2301 1 R 2301
2301 0 R 2302 1 R 2302
2302 0 R 2303 1 L 2309
2303 0 L 2304 1 L 2305
2304 0 L 2306 1 L 2306
2305 0 L 2307 1 L 2307
2306 0 R 2308 1 R 2308
2307 1 R 2308 0 R 2308
2308 0 R 2301 0 R 2301
2309 0 L 2310 1 L 2310
2310 1 L 2311 1 L 2311
2311 0 L 2312 1 L 2312
2312 0 L 2313 1 R 2319
2313 0 R 2314 1 R 2315
2314 0 R 2316 1 R 2316
2315 0 R 2317 1 R 2317
2316 0 L 2318 1 L 2318
2317 1 L 2318 0 L 2318
2318 0 L 2311 0 L 2311
2319 0 R 2320 1 R 2320
2320 1 R 2321 1 R 2321
2321 0 R 2322 1 R 2322
2322 0 R 2323 1 L 2329
2323 0 L 2324 1 L 2325
2324 0 L 2326 1 L 2326
2325 0 L 2327 1 L 2327
2326 0 R 2328 1 R 2328
2327 1 R 2328 0 R 2328
2328 0 R 2321 0 R 2321
2329 0 L 2330 1 L 2330
2330 1 L 2331 1 L 2331
2331 0 L 2332 1 L 2332
2332 0 L 2333 1 R 2339
2333 0 R 2334 1 R 2335
2334 0 R 2336 1 R 2336
2335 0 R 2337 1 R 2337
2336 0 L 2338 1 L 2338
2337 1 L 2338 0 L 2338
2338 0 L 2331 0 L 2331
2339 0 R 2340 1 R 2340
2340 1 R 2341 1 R 2341
2341 0 R 2342 1 R 2342
2342 0 R 2343 1 L 2349
2343 0 L 2344 1 L 2345
2344 0 L 2346 1 L 2346
2345 0 L 2347 1 L 2347
2346 0 R 2348 1 R 2348
2347 1 R 2348 0 R 2348
2348 0 R 2341 0 R 2341
2349 0 L 2350 1 L 2350
2350 1 L 2351 1 L 2351
2351 0 L 2352 1 L 2352
2352 0 L 2353 1 R 2359
2353 0 R 2354 1 R 2355
2354 0 R 2356 1 R 2356
2355 0 R 2357 1 R 2357
2356 0 L 2358 1 L 2358
2357 1 L 2358 0 L 2358
2358 0 L 2351 0 L 2351
2359 0 R 2360 1 R 2360
2360 1 R 2361 1 R 2361
2361 0 R 2362 1 R 2362
2362 0 R 2363 1 L 2369
2363 0 L 2364 1 L 2365
2364 0 L 2366 1 L 2366
2365 0 L 2367 1 L 2367
2366 0 R 2368 1 R 2368
2367 1 R 2368 0 R 2368
2368 0 R 2361 0 R 2361
2369 0 L 2370 1 L 2370
2370 1 L 2371 1 L 2371
2371 0 L 2372 1 L 2372
2372 0 L 2373 1 R 2379
2373 0 R 2374 1 R 2375
2374 0 R 2376 1 R 2376
2375 0 R 2377 1 R 2377
2376 0 L 2378 1 L 2378
2377 1 L 2378 0 L 2378
2378 0 L 2371 0 L 2371
2379 0 R 2380 1 R 2380
2380 1 R 2381 1 R 2381
2381 0 R 2382 1 R 2382
2382 0 R 2383 1 L 2389
2383 0 L 2384 1 L 2385
2384 0 L 2386 1 L 2386
2385 0 L 2387 1 L 2387
2386 0 R 2388 1 R 2388
2387 1 R 2388 0 R 2388
2388 0 R 2381 0 R 2381
2389 0 L 2390 1 L 2390
2390 1 L 2391 1 L 2391
2391 0 L 2392 1 L 2392
2392 0 L 2393 1 R 2399
2393 0 R 2394 1 R 2395
2394 0 R 2396 1 R 2396
2395 0 R 2397 1 R 2397
2396 0 L 2398 1 L 2398
2397 1 L 2398 0 L 2398
2398 0 L 2391 0 L 2391
2399 0 R 2400 1 R 2400
2400 1 R 2401 1 R 2401
2401 0 R 2402 1 R 2402
2402 0 R 2403 1 L 2409
2403 0 L 2404 1 L 2405
2404 0 L 2406 1 L 2406
2405 0 L 2407 1 L 2407
2406 0 R 2408 1 R 2408
2407 1 R 2408 0 R 2408
2408 0 R 2401 0 R 2401
2409 0 L 2410 1 L 2410
2410 1 L 2411 1 L 2411
2411 0 L 2412 1 L 2412
2412 0 L 2413 1 R 2419
2413 0 R 2414 1 R 2415
2414 0 R 2416 1 R 2416
2415 0 R 2417 1 R 2417
2416 0 L 2418 1 L 2418
2417 1 L 2418 0 L 2418
2418 0 L 2411 0 L 2411
2419 0 R 2420 1 R 2420
2420 1 R 2421 1 R 2421
2421 0 R 2422 1 R 2422
2422 0 R 2423 1 L 2429
2423 0 L 2424 1 L 2425
2424 0 L 2426 1 L 2426
2425 0 L 2427 1 L 2427
2426 0 R 2428 1 R 2428
2427 1 R 2428 0 R 2428
2428 0 R 2421 0 R 2421
2429 0 L 2430 1 L 2430
2430 1 L 2431 1 L 2431
2431 0 L 2432 1 L 2432
2432 0 L 2433 1 R 2439
2433 0 R 2434 1 R 2435
2434 0 R 2436 1 R 2436
2435 0 R 2437 1 R 2437
2436 0 L 2438 1 L 2438
2437 1 L 2438 0 L 2438
2438 0 L 2431 0 L 2431
2439 0 R 2440 1 R 2440
2440 1 R 2441 1 R 2441
2441 0 R 2442 1 R 2442
2442 0 R 2443 1 L 2449
2443 0 L 2444 1 L 2445
2444 0 L 2446 1 L 2446
2445 0 L 2447 1 L 2447
2446 0 R 2448 1 R 2448
2447 1 R 2448 0 R 2448
2448 0 R 2441 0 R 2441
2449 0 L 2450 1 L 2450
2450 1 L 2451 1 L 2451
2451 0 L 2452 1 L 2452
2452 0 L 2453 1 R 2459
2453 0 R 2454 1 R 2455
2454 0 R 2456 1 R 2456
2455 0 R 2457 1 R 2457
2456 0 L 2458 1 L 2458
2457 1 L 2458 0 L 2458
2458 0 L 2451 0 L 2451
2459 0 R 2460 1 R 2460
2460 1 R 2461 1 R 2461
2461 0 R 2462 1 R 2462
2462 0 R 2463 1 L 2469
2463 0 L 2464 1 L 2465
2464 0 L 2466 1 L 2466
2465 0 L 2467 1 L 2467
2466 0 R 2468 1 R 2468
2467 1 R 2468 0 R 2468
2468 0 R 2461 0 R 2461
2469 0 L 2470 1 L 2470
2470 1 L 2471 1 L 2471
2471 0 L 2472 1 L 2472
2472 0 L 2473 1 R 2479
2473 0 R 2474 1 R 2475
2474 0 R 2476 1 R 2476
2475 0 R 2477 1 R 2477
2476 0 L 2478 1 L 2478
2477 1 L 2478 0 L 2478
2478 0 L 2471 0 L 2471
2479 0 R 2480 1 R 2480
2480 1 R 2481 1 R 2481
2481 0 R 2482 1 R 2482
2482 0 R 2483 1 L 2489
2483 0 L 2484 1 L 2485
2484 0 L 2486 1 L 2486
2485 0 L 2487 1 L 2487
2486 0 R 2488 1 R 2488
2487 1 R 2488 0 R 2488
2488 0 R 2481 0 R 2481
2489 0 L 2490 1 L 2490
2490 1 L 2491 1 L 2491
2491 0 L 2492 1 L 2492
2492 0 L 2493 1 R 2499
2493 0 R 2494 1 R 2495
2494 0 R 2496 1 R 2496
2495 0 R 2497 1 R 2497
2496 0 L 2498 1 L 2498
2497 1 L 2498 0 L 2498
2498 0 L 2491 0 L 2491
2499 0 R 2500 1 R 2500
2500 1 R 2501 1 R 2501
2501 0 R 2502 1 R 2502
2502 0 R 2503 1 L 2509
2503 0 L 2504 1 L 2505
2504 0 L 2506 1 L 2506
2505 0 L 2507 1 L 2507
2506 0 R 2508 1 R 2508
2507 1 R 2508 0 R 2508
2508 0 R 2501 0 R 2501
2509 0 L 2510 1 L 2510
2510 1 L 2511 1 L 2511
2511 0 L 2512 1 L 2512
2512 0 L 2513 1 R 2519
2513 0 R 2514 1 R 2515
2514 0 R 2516 1 R 2516
2515 0 R 2517 1 R 2517
2516 0 L 2518 1 L 2518
2517 1 L 2518 0 L 2518
2518 0 L 2511 0 L 2511
2519 0 R 2520 1 R 2520
2520 1 R 2521 1 R 2521
2521 0 R 2522 1 R 2522
2522 0 R 2523 1 L 2529
2523 0 L 2524 1 L 2525
2524 0 L 2526 1 L 2526
2525 0 L 2527 1 L 2527
2526 0 R 2528 1 R 2528
2527 1 R 2528 0 R 2528
2528 0 R 2521 0 R 2521
2529 0 L 2530 1 L 2530
2530 1 L 2531 1 L 2531
2531 0 L 2532 1 L 2532
2532 0 L 2533 1 R 2539
2533 0 R 2534 1 R 2535
2534 0 R 2536 1 R 2536
2535 0 R 2537 1 R 2537
2536 0 L 2538 1 L 2538
2537 1 L 2538 0 L 2538
2538 0 L 2531 0 L 2531
2539 0 R 2540 1 R 2540
2540 1 R 2541 1 R 2541
2541 0 R 2542 1 R 2542
2542 0 R 2543 1 L 2549
2543 0 L 2544 1 L 2545
2544 0 L 2546 1 L 2546
2545 0 L 2547 1 L 2547
2546 0 R 2548 1 R 2548
2547 1 R 2548 0 R 2548
2548 0 R 2541 0 R 2541
2549 0 L 2550 1 L 2550
2550 1 L 2551 1 L 2551
2551 0 L 2552 1 L 2552
2552 0 L 2553 1 R 2559
2553 0 R 2554 1 R 2555
2554 0 R 2556 1 R 2556
2555 0 R 2557 1 R 2557
2556 0 L 2558 1 L 2558
2557 1 L 2558 0 L 2558
2558 0 L 2551 0 L 2551
2559 0 R 2560 1 R 2560
2560 1 R 2561 1 R 2561
2561 0 R 2562 1 R 2562
2562 0 R 2563 1 L 2569
2563 0 L 2564 1 L 2565
2564 0 L 2566 1 L 2566
2565 0 L 2567 1 L 2567
2566 0 R 2568 1 R 2568
2567 1 R 2568 0 R 2568
2568 0 R 2561 0 R 2561
2569 0 L 2570 1 L 2570
2570 1 L 2571 1 L 2571
2571 0 L 2572 1 L 2572
2572 0 L 2573 1 R 2579
2573 0 R 2574 1 R 2575
2574 0 R 2576 1 R 2576
2575 0 R 2577 1 R 2577
2576 0 L 2578 1 L 2578
2577 1 L 2578 0 L 2578
2578 0 L 2571 0 L 2571
2579 0 R 2580 1 R 2580
2580 1 R 2581 1 R 2581
2581 0 R 2582 1 R 2582
2582 0 R 2583 1 L 2589
2583 0 L 2584 1 L 2585
2584 0 L 2586 1 L 2586
2585 0 L 2587 1 L 2587
2586 0 R 2588 1 R 2588
2587 1 R 2588 0 R 2588
2588 0 R 2581 0 R 2581
2589 0 L 2590 1 L 2590
2590 1 L 2591 1 L 2591
2591 0 L 2592 1 L 2592
2592 0 L 2593 1 R 2599
2593 0 R 2594 1 R 2595
2594 0 R 2596 1 R 2596
2595 0 R 2597 1 R 2597
2596 0 L 2598 1 L 2598
2597 1 L 2598 0 L 2598
2598 0 L 2591 0 L 2591
2599 0 R 2600 1 R 2600
2600 1 R 2601 1 R 2601
2601 0 R 2602 1 R 2602
2602 0 R 2603 1 L 2609
2603 0 L 2604 1 L 2605
2604 0 L 2606 1 L 2606
2605 0 L 2607 1 L 2607
2606 0 R 2608 1 R 2608
2607 1 R 2608 0 R 2608
2608 0 R 2601 0 R 2601
2609 0 L 2610 1 L 2610
2610 1 L 2611 1 L 2611
2611 0 L 2612 1 L 2612
2612 0 L 2613 1 R 2619
2613 0 R 2614 1 R 2615
2614 0 R 2616 1 R 2616
2615 0 R 2617 1 R 2617
2616 0 L 2618 1 L 2618
2617 1 L 2618 0 L 2618
2618 0 L 2611 0 L 2611
2619 0 R 2620 1 R 2620
2620 1 R 2621 1 R 2621
2621 0 R 2622 1 R 2622
2622 0 R 2623 1 L 2629
2623 0 L 2624 1 L 2625
2624 0 L 2626 1 L 2626
2625 0 L 2627 1 L 2627
2626 0 R 2628 1 R 2628
2627 1 R 2628 0 R 2628
2628 0 R 2621 0 R 2621
2629 0 L 2630 1 L 2630
2630 1 L 2631 1 L 2631
2631 0 L 2632 1 L 2632
2632 0 L 2633 1 R 2639
2633 0 R 2634 1 R 2635
2634 0 R 2636 1 R 2636
2635 0 R 2637 1 R 2637
2636 0 L 2638 1 L 2638
2637 1 L 2638 0 L 2638
2638 0 L 2631 0 L 2631
2639 0 R 2640 1 R 2640
2640 1 R 2641 1 R 2641
2641 0 R 2642 1 R 2642
2642 0 R 2643 1 L 2649
2643 0 L 2644 1 L 2645
2644 0 L 2646 1 L 2646
2645 0 L 2647 1 L 2647
2646 0 R 2648 1 R 2648
2647 1 R 2648 0 R 2648
2648 0 R 2641 0 R 2641
2649 0 L 2650 1 L 2650
2650 1 L 2651 1 L 2651
2651 0 L 2652 1 L 2652
2652 0 L 2653 1 R 2659
2653 0 R 2654 1 R 2655
2654 0 R 2656 1 R 2656
2655 0 R 2657 1 R 2657
2656 0 L 2658 1 L 2658
2657 1 L 2658 0 L 2658
2658 0 L 2651 0 L 2651
2659 0 R 2660 1 R 2660
2660 1 R 2661 1 R 2661
2661 0 R 2662 1 R 2662
2662 0 R 2663 1 L 2669
2663 0 L 2664 1 L 2665
2664 0 L 2666 1 L 2666
2665 0 L 2667 1 L 2667
2666 0 R 2668 1 R 2668
2667 1 R 2668 0 R 2668
2668 0 R 2661 0 R 2661
2669 0 L 2670 1 L 2670
2670 1 L 2671 1 L 2671
2671 0 L 2672 1 L 2672
2672 0 L 2673 1 R 2679
2673 0 R 2674 1 R 2675
2674 0 R 2676 1 R 2676
2675 0 R 2677 1 R 2677
2676 0 L 2678 1 L 2678
2677 1 L 2678 0 L 2678
2678 0 L 2671 0 L 2671
2679 0 R 2680 1 R 2680
2680 1 R 2681 1 R 2681
2681 0 R 2682 1 R 2682
2682 0 R 2683 1 L 2689
2683 0 L 2684 1 L 2685
2684 0 L 2686 1 L 2686
2685 0 L 2687 1 L 2687
2686 0 R 2688 1 R 2688
2687 1 R 2688 0 R 2688
2688 0 R 2681 0 R 2681
2689 0 L 2690 1 L 2690
2690 1 L 2691 1 L 2691
2691 0 L 2692 1 L 2692
2692 0 L 2693 1 R 2699
2693 0 R 2694 1 R 2695
2694 0 R 2696 1 R 2696
2695 0 R 2697 1 R 2697
2696 0 L 2698 1 L 2698
2697 1 L 2698 0 L 2698
2698 0 L 2691 0 L 2691
2699 0 R 2700 1 R 2700
2700 1 R 2701 1 R 2701
2701 0 R 2702 1 R 2702
2702 0 R 2703 1 L 2709
2703 0 L 2704 1 L 2705
2704 0 L 2706 1 L 2706
2705 0 L 2707 1 L 2707
2706 0 R 2708 1 R 2708
2707 1 R 2708 0 R 2708
2708 0 R 2701 0 R 2701
2709 0 L 2710 1 L 2710
2710 1 L 2711 1 L 2711
2711 0 L 2712 1 L 2712
2712 0 L 2713 1 R 2719
2713 0 R 2714 1 R 2715
2714 0 R 2716 1 R 2716
2715 0 R 2717 1 R 2717
2716 0 L 2718 1 L 2718
2717 1 L 2718 0 L 2718
2718 0 L 2711 0 L 2711
2719 0 R 2720 1 R 2720
2720 1 R 2721 1 R 2721
2721 0 R 2722 1 R 2722
2722 0 R 2723 1 L 2729
2723 0 L 2724 1 L 2725
2724 0 L 2726 1 L 2726
2725 0 L 2727 1 L 2727
2726 0 R 2728 1 R 2728
2727 1 R 2728 0 R 2728
2728 0 R 2721 0 R 2721
2729 0 L 2730 1 L 2730
2730 1 L 2731 1 L 2731
2731 0 L 2732 1 L 2732
2732 0 L 2733 1 R 2739
2733 0 R 2734 1 R 2735
2734 0 R 2736 1 R 2736
2735 0 R 2737 1 R 2737
2736 0 L 2738 1 L 2738
2737 1 L 2738 0 L 2738
2738 0 L 2731 0 L 2731
2739 0 R 2740 1 R 2740
2740 1 R 2741 1 R 2741
2741 0 R 2742 1 R 2742
2742 0 R 2743 1 L 2749
2743 0 L 2744 1 L 2745
2744 0 L 2746 1 L 2746
2745 0 L 2747 1 L 2747
2746 0 R 2748 1 R 2748
2747 1 R 2748 0 R 2748
2748 0 R 2741 0 R 2741
2749 0 L 2750 1 L 2750
2750 1 L 2751 1 L 2751
2751 0 L 2752 1 L 2752
2752 0 L 2753 1 R 2759
2753 0 R 2754 1 R 2755
2754 0 R 2756 1 R 2756
2755 0 R 2757 1 R 2757
2756 0 L 2758 1 L 2758
2757 1 L 2758 0 L 2758
2758 0 L 2751 0 L 2751
2759 0 R 2760 1 R 2760
2760 1 R 2761 1 R 2761
2761 0 R 2762 1 R 2762
2762 0 R 2763 1 L 2769
2763 0 L 2764 1 L 2765
2764 0 L 2766 1 L 2766
2765 0 L 2767 1 L 2767
2766 0 R 2768 1 R 2768
2767 1 R 2768 0 R 2768
2768 0 R 2761 0 R 2761
2769 0 L 2770 1 L 2770
2770 1 L 2771 1 L 2771
2771 0 L 2772 1 L 2772
2772 0 L 2773 1 R 2779
2773 0 R 2774 1 R 2775
2774 0 R 2776 1 R 2776
2775 0 R 2777 1 R 2777
2776 0 L 2778 1 L 2778
2777 1 L 2778 0 L 2778
2778 0 L 2771 0 L 2771
2779 0 R 2780 1 R 2780
2780 1 R 2781 1 R 2781
2781 0 R 2782 1 R 2782
2782 0 R 2783 1 L 2789
2783 0 L 2784 1 L 2785
2784 0 L 2786 1 L 2786
2785 0 L 2787 1 L 2787
2786 0 R 2788 1 R 2788
2787 1 R 2788 0 R 2788
2788 0 R 2781 0 R 2781
2789 0 L 2790 1 L 2790
2790 1 L 2791 1 L 2791
2791 0 L 2792 1 L 2792
2792 0 L 2793 1 R 2799
2793 0 R 2794 1 R 2795
2794 0 R 2796 1 R 2796
2795 0 R 2797 1 R 2797
2796 0 L 2798 1 L 2798
2797 1 L 2798 0 L 2798
2798 0 L 2791 0 L 2791
2799 0 R 2800 1 R 2800
2800 1 R 2801 1 R 2801
2801 0 R 2802 1 R 2802
2802 0 R 2803 1 L 2809
2803 0 L 2804 1 L 2805
2804 0 L 2806 1 L 2806
2805 0 L 2807 1 L 2807
2806 0 R 2808 1 R 2808
2807 1 R 2808 0 R 2808
2808 0 R 2801 0 R 2801
2809 0 L 2810 1 L 2810
2810 1 L 2811 1 L 2811
2811 0 L 2812 1 L 2812
2812 0 L 2813 1 R 2819
2813 0 R 2814 1 R 2815
2814 0 R 2816 1 R 2816
2815 0 R 2817 1 R 2817
2816 0 L 2818 1 L 2818
2817 1 L 2818 0 L 2818
2818 0 L 2811 0 L 2811
2819 0 R 2820 1 R 2820
2820 1 R 2821 1 R 2821
2821 0 R 2822 1 R 2822
2822 0 R 2823 1 L 2829
2823 0 L 2824 1 L 2825
2824 0 L 2826 1 L 2826
2825 0 L 2827 1 L 2827
2826 0 R 2828 1 R 2828
2827 1 R 2828 0 R 2828
2828 0 R 2821 0 R 2821
2829 0 L 2830 1 L 2830
2830 1 L 2831 1 L 2831
2831 0 L 2832 1 L 2832
2832 0 L 2833 1 R 2839
2833 0 R 2834 1 R 2835
2834 0 R 2836 1 R 2836
2835 0 R 2837 1 R 2837
2836 0 L 2838 1 L 2838
2837 1 L 2838 0 L 2838
2838 0 L 2831 0 L 2831
2839 0 R 2840 1 R 2840
2840 1 R 2841 1 R 2841
2841 0 R 2842 1 R 2842
2842 0 R 2843 1 L 2849
2843 0 L 2844 1 L 2845
2844 0 L 2846 1 L 2846
2845 0 L 2847 1 L 2847
2846 0 R 2848 1 R 2848
2847 1 R 2848 0 R 2848
2848 0 R 2841 0 R 2841
2849 0 L 2850 1 L 2850
2850 1 L 2851 1 L 2851
2851 0 L 2852 1 L 2852
2852 0 L 2853 1 R 2859
2853 0 R 2854 1 R 2855
2854 0 R 2856 1 R 2856
2855 0 R 2857 1 R 2857
2856 0 L 2858 1 L 2858
2857 1 L 2858 0 L 2858
2858 0 L 2851 0 L 2851
2859 0 R 2860 1 R 2860
2860 1 R 2861 1 R 2861
2861 0 R 2862 1 R 2862
2862 0 R 2863 1 L 2869
2863 0 L 2864 1 L 2865
2864 0 L 2866 1 L 2866
2865 0 L 2867 1 L 2867
2866 0 R 2868 1 R 2868
2867 1 R 2868 0 R 2868
2868 0 R 2861 0 R 2861
2869 0 L 2870 1 L 2870
2870 1 L 2871 1 L 2871
2871 0 L 2872 1 L 2872
2872 0 L 2873 1 R 2879
2873 0 R 2874 1 R 2875
2874 0 R 2876 1 R 2876
2875 0 R 2877 1 R 2877
2876 0 L 2878 1 L 2878
2877 1 L 2878 0 L 2878
2878 0 L 2871 0 L 2871
2879 0 R 2880 1 R 2880
2880 1 R 2881 1 R 2881
2881 0 R 2882 1 R 2882
2882 0 R 2883 1 L 2889
2883 0 L 2884 1 L 2885
2884 0 L 2886 1 L 2886
2885 0 L 2887 1 L 2887
2886 0 R 2888 1 R 2888
2887 1 R 2888 0 R 2888
2888 0 R 2881 0 R 2881
2889 0 L 2890 1 L 2890
2890 1 L 2891 1 L 2891
2891 0 L 2892 1 L 2892
2892 0 L 2893 1 R 2899
2893 0 R 2894 1 R 2895
2894 0 R 2896 1 R 2896
2895 0 R 2897 1 R 2897
2896 0 L 2898 1 L 2898
2897 1 L 2898 0 L 2898
2898 0 L 2891 0 L 2891
2899 0 R 2900 1 R 2900
2900 1 R 2901 1 R 2901
2901 0 R 2902 1 R 2902
2902 0 R 2903 1 L 2909
2903 0 L 2904 1 L 2905
2904 0 L 2906 1 L 2906
2905 0 L 2907 1 L 2907
2906 0 R 2908 1 R 2908
2907 1 R 2908 0 R 2908
2908 0 R 2901 0 R 2901
2909 0 L 2910 1 L 2910
2910 1 L 2911 1 L 2911
2911 0 L 2912 1 L 2912
2912 0 L 2913 1 R 2919
2913 0 R 2914 1 R 2915
2914 0 R 2916 1 R 2916
2915 0 R 2917 1 R 2917
2916 0 L 2918 1 L 2918
2917 1 L 2918 0 L 2918
2918 0 L 2911 0 L 2911
2919 0 R 2920 1 R 2920
2920 1 R 2921 1 R 2921
2921 0 R 2922 1 R 2922
2922 0 R 2923 1 L 2929
2923 0 L 2924 1 L 2925
2924 0 L 2926 1 L 2926
2925 0 L 2927 1 L 2927
2926 0 R 2928 1 R 2928
2927 1 R 2928 0 R 2928
2928 0 R 2921 0 R 2921
2929 0 L 2930 1 L 2930
2930 1 L 2931 1 L 2931
2931 0 L 2932 1 L 2932
2932 0 L 2933 1 R 2939
2933 0 R 2934 1 R 2935
2934 0 R 2936 1 R 2936
2935 0 R 2937 1 R 2937
2936 0 L 2938 1 L 2938
2937 1 L 2938 0 L 2938
2938 0 L 2931 0 L 2931
2939 0 R 2940 1 R 2940
2940 1 R 2941 1 R 2941
2941 0 R 2942 1 R 2942
2942 0 R 2943 1 L 2949
2943 0 L 2944 1 L 2945
2944 0 L 2946 1 L 2946
2945 0 L 2947 1 L 2947
2946 0 R 2948 1 R 2948
2947 1 R 2948 0 R 2948
2948 0 R 2941 0 R 2941
2949 0 L 2950 1 L 2950
2950 1 L 2951 1 L 2951
2951 0 L 2952 1 L 2952
2952 0 L 2953 1 R 2959
2953 0 R 2954 1 R 2955
2954 0 R 2956 1 R 2956
2955 0 R 2957 1 R 2957
2956 0 L 2958 1 L 2958
2957 1 L 2958 0 L 2958
2958 0 L 2951 0 L 2951
2959 0 R 2960 1 R 2960
2960 1 R 2961 1 R 2961
2961 0 R 2962 1 R 2962
2962 0 R 2963 1 L 2969
2963 0 L 2964 1 L 2965
2964 0 L 2966 1 L 2966
2965 0 L 2967 1 L 2967
2966 0 R 2968 1 R 2968
2967 1 R 2968 0 R 2968
2968 0 R 2961 0 R 2961
2969 0 L 2970 1 L 2970
2970 1 L 2971 1 L 2971
2971 0 L 2972 1 L 2972
2972 0 L 2973 1 R 2979
2973 0 R 2974 1 R 2975
2974 0 R 2976 1 R 2976
2975 0 R 2977 1 R 2977
2976 0 L 2978 1 L 2978
2977 1 L 2978 0 L 2978
2978 0 L 2971 0 L 2971
2979 0 R 2980 1 R 2980
2980 1 R 2981 1 R 2981
2981 0 R 2982 1 R 2982
2982 0 R 2983 1 L 2989
2983 0 L 2984 1 L 2985
2984 0 L 2986 1 L 2986
2985 0 L 2987 1 L 2987
2986 0 R 2988 1 R 2988
2987 1 R 2988 0 R 2988
2988 0 R 2981 0 R 2981
2989 0 L 2990 1 L 2990
2990 1 L 2991 1 L 2991
2991 0 L 2992 1 L 2992
2992 0 L 2993 1 R 2999
2993 0 R 2994 1 R 2995
2994 0 R 2996 1 R 2996
2995 0 R 2997 1 R 2997
2996 0 L 2998 1 L 2998
2997 1 L 2998 0 L 2998
2998 0 L 2991 0 L 2991
2999 0 R 3000 1 R 3000
3000 1 R 3001 1 R 3001
3001 0 R 3002 1 R 3002
3002 0 R 3003 1 L 3009
3003 0 L 3004 1 L 3005
3004 0 L 3006 1 L 3006
3005 0 L 3007 1 L 3007
3006 0 R 3008 1 R 3008
3007 1 R 3008 0 R 3008
3008 0 R 3001 0 R 3001
3009 0 L 3010 1 L 3010
3010 1 L 3011 1 L 3011
3011 0 L 3012 1 L 3012
3012 0 L 3013 1 R 3019
3013 0 R 3014 1 R 3015
3014 0 R 3016 1 R 3016
3015 0 R 3017 1 R 3017
3016 0 L 3018 1 L 3018
3017 1 L 3018 0 L 3018
3018 0 L 3011 0 L 3011
3019 0 R 3020 1 R 3020
3020 1 R 3021 1 R 3021
3021 0 R 3022 1 R 3022
3022 0 R 3023 1 L 3029
3023 0 L 3024 1 L 3025
3024 0 L 3026 1 L 3026
3025 0 L 3027 1 L 3027
3026 0 R 3028 1 R 3028
3027 1 R 3028 0 R 3028
3028 0 R 3021 0 R 3021
3029 0 L 3030 1 L 3030
3030 1 L 3031 1 L 3031
3031 0 L 3032 1 L 3032
3032 0 L 3033 1 R 3039
3033 0 R 3034 1 R 3035
3034 0 R 3036 1 R 3036
3035 0 R 3037 1 R 3037
3036 0 L 3038 1 L 3038
3037 1 L 3038 0 L 3038
3038 0 L 3031 0 L 3031
3039 0 R 3040 1 R 3040
3040 1 R 3041 1 R 3041
3041 0 R 3042 1 R 3042
3042 0 R 3043 1 L 3049
3043 0 L 3044 1 L 3045
3044 0 L 3046 1 L 3046
3045 0 L 3047 1 L 3047
3046 0 R 3048 1 R 3048
3047 1 R 3048 0 R 3048
3048 0 R 3041 0 R 3041
3049 0 L 3050 1 L 3050
3050 1 L 3051 1 L 3051
3051 0 L 3052 1 L 3052
3052 0 L 3053 1 R 3059
3053 0 R 3054 1 R 3055
3054 0 R 3056 1 R 3056
3055 0 R 3057 1 R 3057
3056 0 L 3058 1 L 3058
3057 1 L 3058 0 L 3058
3058 0 L 3051 0 L 3051
3059 0 R 3060 1 R 3060
3060 1 R 3061 1 R 3061
3061 0 R 3062 1 R 3062
3062 0 R 3063 1 L 3069
3063 0 L 3064 1 L 3065
3064 0 L 3066 1 L 3066
3065 0 L 3067 1 L 3067
3066 0 R 3068 1 R 3068
3067 1 R 3068 0 R 3068
3068 0 R 3061 0 R 3061
3069 0 L 3070 1 L 3070
3070 1 L 3071 1 L 3071
3071 0 L 3072 1 L 3072
3072 0 L 3073 1 R 3079
3073 0 R 3074 1 R 3075
3074 0 R 3076 1 R 3076
3075 0 R 3077 1 R 3077
3076 0 L 3078 1 L 3078
3077 1 L 3078 0 L 3078
3078 0 L 3071 0 L 3071
3079 0 R 3080 1 R 3080
3080 1 R 3081 1 R 3081
3081 0 R 3082 1 R 3082
3082 0 R 3083 1 L 3089
3083 0 L 3084 1 L 3085
3084 0 L 3086 1 L 3086
3085 0 L 3087 1 L 3087
3086 0 R 3088 1 R 3088
3087 1 R 3088 0 R 3088
3088 0 R 3081 0 R 3081
3089 0 L 3090 1 L 3090
3090 1 L 3091 1 L 3091
3091 0 L 3092 1 L 3092
3092 0 L 3093 1 R 3099
3093 0 R 3094 1 R 3095
3094 0 R 3096 1 R 3096
3095 0 R 3097 1 R 3097
3096 0 L 3098 1 L 3098
3097 1 L 3098 0 L 3098
3098 0 L 3091 0 L 3091
3099 0 R 3100 1 R 3100
3100 1 R 3101 1 R 3101
3101 0 R 3102 1 R 3102
3102 0 R 3103 1 L 3109
3103 0 L 3104 1 L 3105
3104 0 L 3106 1 L 3106
3105 0 L 3107 1 L 3107
3106 0 R 3108 1 R 3108
3107 1 R 3108 0 R 3108
3108 0 R 3101 0 R 3101
3109 0 L 3110 1 L 3110
3110 1 L 3111 1 L 3111
3111 0 L 3112 1 L 3112
3112 0 L 3113 1 R 3119
3113 0 R 3114 1 R 3115
3114 0 R 3116 1 R 3116
3115 0 R 3117 1 R 3117
3116 0 L 3118 1 L 3118
3117 1 L 3118 0 L 3118
3118 0 L 3111 0 L 3111
3119 0 R 3120 1 R 3120
3120 1 R 3121 1 R 3121
3121 0 R 3122 1 R 3122
3122 0 R 3123 1 L 3129
3123 0 L 3124 1 L 3125
3124 0 L 3126 1 L 3126
3125 0 L 3127 1 L 3127
3126 0 R 3128 1 R 3128
3127 1 R 3128 0 R 3128
3128 0 R 3121 0 R 3121
3129 0 L 3130 1 L 3130
3130 1 L 3131 1 L 3131
3131 0 L 3132 1 L 3132
3132 0 L 3133 1 R 3139
3133 0 R 3134 1 R 3135
3134 0 R 3136 1 R 3136
3135 0 R 3137 1 R 3137
3136 0 L 3138 1 L 3138
3137 1 L 3138 0 L 3138
3138 0 L 3131 0 L 3131
3139 0 R 3140 1 R 3140
3140 1 R 3141 1 R 3141
3141 0 R 3142 1 R 3142
3142 0 R 3143 1 L 3149
3143 0 L 3144 1 L 3145
3144 0 L 3146 1 L 3146
3145 0 L 3147 1 L 3147
3146 0 R 3148 1 R 3148
3147 1 R 3148 0 R 3148
3148 0 R 3141 0 R 3141
3149 0 L 3150 1 L 3150
3150 1 L 3151 1 L 3151
3151 0 L 3152 1 L 3152
3152 0 L 3153 1 R 3159
3153 0 R 3154 1 R 3155
3154 0 R 3156 1 R 3156
3155 0 R 3157 1 R 3157
3156 0 L 3158 1 L 3158
3157 1 L 3158 0 L 3158
3158 0 L 3151 0 L 3151
3159 0 R 3160 1 R 3160
3160 1 R 3161 1 R 3161
3161 0 R 3162 1 R 3162
3162 0 R 3163 1 L 3169
3163 0 L 3164 1 L 3165
3164 0 L 3166 1 L 3166
3165 0 L 3167 1 L 3167
3166 0 R 3168 1 R 3168
3167 1 R 3168 0 R 3168
3168 0 R 3161 0 R 3161
3169 0 L 3170 1 L 3170
3170 1 L 3171 1 L 3171
3171 0 L 3172 1 L 3172
3172 0 L 3173 1 R 3179
3173 0 R 3174 1 R 3175
3174 0 R 3176 1 R 3176
3175 0 R 3177 1 R 3177
3176 0 L 3178 1 L 3178
3177 1 L 3178 0 L 3178
3178 0 L 3171 0 L 3171
3179 0 R 3180 1 R 3180
3180 1 R 3181 1 R 3181
3181 0 R 3182 1 R 3182
3182 0 R 3183 1 L 3189
3183 0 L 3184 1 L 3185
3184 0 L 3186 1 L 3186
3185 0 L 3187 1 L 3187
3186 0 R 3188 1 R 3188
3187 1 R 3188 0 R 3188
3188 0 R 3181 0 R 3181
3189 0 L 3190 1 L 3190
3190 1 L 3191 1 L 3191
3191 0 L 3192 1 L 3192
3192 0 L 3193 1 R 3199
3193 0 R 3194 1 R 3195
3194 0 R 3196 1 R 3196
3195 0 R 3197 1 R 3197
3196 0 L 3198 1 L 3198
3197 1 L 3198 0 L 3198
3198 0 L 3191 0 L 3191
3199 0 R 3200 1 R 3200
3200 1 R 3201 1 R 3201
3201 0 R 3202 1 R 3202
3202 0 R 3203 1 L 3209
3203 0 L 3204 1 L 3205
3204 0 L 3206 1 L 3206
3205 0 L 3207 1 L 3207
3206 0 R 3208 1 R 3208
3207 1 R 3208 0 R 3208
3208 0 R 3201 0 R 3201
3209 0 L 3210 1 L 3210
3210 1 L 3211 1 L 3211
3211 0 L 3212 1 L 3212
3212 0 L 3213 1 R 3219
3213 0 R 3214 1 R 3215
3214 0 R 3216 1 R 3216
3215 0 R 3217 1 R 3217
3216 0 L 3218 1 L 3218
3217 1 L 3218 0 L 3218
3218 0 L 3211 0 L 3211
3219 0 R 3220 1 R 3220
3220 1 R 3221 1 R 3221
3221 0 R 3222 1 R 3222
3222 0 R 3223 1 L 3229
3223 0 L 3224 1 L 3225
3224 0 L 3226 1 L 3226
3225 0 L 3227 1 L 3227
3226 0 R 3228 1 R 3228
3227 1 R 3228 0 R 3228
3228 0 R 3221 0 R 3221
3229 0 L 3230 1 L 3230
3230 1 L 3231 1 L 3231
3231 0 L 3232 1 L 3232
3232 0 L 3233 1 R 3239
3233 0 R 3234 1 R 3235
3234 0 R 3236 1 R 3236
3235 0 R 3237 1 R 3237
3236 0 L 3238 1 L 3238
3237 1 L 3238 0 L 3238
3238 0 L 3231 0 L 3231
3239 0 R 3240 1 R 3240
3240 1 R 3241 1 R 3241
3241 0 R 3242 1 R 3242
3242 0 R 3243 1 L 3249
3243 0 L 3244 1 L 3245
3244 0 L 3246 1 L 3246
3245 0 L 3247 1 L 3247
3246 0 R 3248 1 R 3248
3247 1 R 3248 0 R 3248
3248 0 R 3241 0 R 3241
3249 0 L 3250 1 L 3250
3250 1 L 3251 1 L 3251
3251 0 L 3252 1 L 3252
3252 0 L 3253 1 R 3259
3253 0 R 3254 1 R 3255
3254 0 R 3256 1 R 3256
3255 0 R 3257 1 R 3257
3256 0 L 3258 1 L 3258
3257 1 L 3258 0 L 3258
3258 0 L 3251 0 L 3251
3259 0 R 3260 1 R 3260
3260 1 R 3261 1 R 3261
3261 0 R 3262 1 R 3262
3262 0 R 3263 1 L 3269
3263 0 L 3264 1 L 3265
3264 0 L 3266 1 L 3266
3265 0 L 3267 1 L 3267
3266 0 R 3268 1 R 3268
3267 1 R 3268 0 R 3268
3268 0 R 3261 0 R 3261
3269 0 L 3270 1 L 3270
3270 1 L 3271 1 L 3271
3271 0 L 3272 1 L 3272
3272 0 L 3273 1 R 3279
3273 0 R 3274 1 R 3275
3274 0 R 3276 1 R 3276
3275 0 R 3277 1 R 3277
3276 0 L 3278 1 L 3278
3277 1 L 3278 0 L 3278
3278 0 L 3271 0 L 3271
3279 0 R 3280 1 R 3280
3280 1 R 3281 1 R 3281
3281 0 R 3282 1 R 3282
3282 0 R 3283 1 L 3289
3283 0 L 3284 1 L 3285
3284 0 L 3286 1 L 3286
3285 0 L 3287 1 L 3287
3286 0 R 3288 1 R 3288
3287 1 R 3288 0 R 3288
3288 0 R 3281 0 R 3281
3289 0 L 3290 1 L 3290
3290 1 L 3291 1 L 3291
3291 0 L 3292 1 L 3292
3292 0 L 3293 1 R 3299
3293 0 R 3294 1 R 3295
3294 0 R 3296 1 R 3296
3295 0 R 3297 1 R 3297
3296 0 L 3298 1 L 3298
3297 1 L 3298 0 L 3298
3298 0 L 3291 0 L 3291
3299 0 R 3300 1 R 3300
3300 1 R 3301 1 R 3301
3301 0 R 3302 1 R 3302
3302 0 R 3303 1 L 3309
3303 0 L 3304 1 L 3305
3304 0 L 3306 1 L 3306
3305 0 L 3307 1 L 3307
3306 0 R 3308 1 R 3308
3307 1 R 3308 0 R 3308
3308 0 R 3301 0 R 3301
3309 0 L 3310 1 L 3310
3310 1 L 3311 1 L 3311
3311 0 L 3312 1 L 3312
3312 0 L 3313 1 R 3319
3313 0 R 3314 1 R 3315
3314 0 R 3316 1 R 3316
3315 0 R 3317 1 R 3317
3316 0 L 3318 1 L 3318
3317 1 L 3318 0 L 3318
3318 0 L 3311 0 L 3311
3319 0 R 3320 1 R 3320
3320 1 R 3321 1 R 3321
3321 0 R 3322 1 R 3322
3322 0 R 3323 1 L 3329
3323 0 L 3324 1 L 3325
3324 0 L 3326 1 L 3326
3325 0 L 3327 1 L 3327
3326 0 R 3328 1 R 3328
3327 1 R 3328 0 R 3328
3328 0 R 3321 0 R 3321
3329 0 L 3330 1 L 3330
3330 1 L 3331 1 L 3331
3331 0 L 3332 1 L 3332
3332 0 L 3333 1 R 3339
3333 0 R 3334 1 R 3335
3334 0 R 3336 1 R 3336
3335 0 R 3337 1 R 3337
3336 0 L 3338 1 L 3338
3337 1 L 3338 0 L 3338
3338 0 L 3331 0 L 3331
3339 0 R 3340 1 R 3340
3340 1 R 3341 1 R 3341
3341 0 R 3342 1 R 3342
3342 0 R 3343 1 L 3349
3343 0 L 3344 1 L 3345
3344 0 L 3346 1 L 3346
3345 0 L 3347 1 L 3347
3346 0 R 3348 1 R 3348
3347 1 R 3348 0 R 3348
3348 0 R 3341 0 R 3341
3349 0 L 3350 1 L 3350
3350 1 L 3351 1 L 3351
3351 0 L 3352 1 L 3352
3352 0 L 3353 1 R 3359
3353 0 R 3354 1 R 3355
3354 0 R 3356 1 R 3356
3355 0 R 3357 1 R 3357
3356 0 L 3358 1 L 3358
3357 1 L 3358 0 L 3358
3358 0 L 3351 0 L 3351
3359 0 R 3360 1 R 3360
3360 1 R 3361 1 R 3361
3361 0 R 3362 1 R 3362
3362 0 R 3363 1 L 3369
3363 0 L 3364 1 L 3365
3364 0 L 3366 1 L 3366
3365 0 L 3367 1 L 3367
3366 0 R 3368 1 R 3368
3367 1 R 3368 0 R 3368
3368 0 R 3361 0 R 3361
3369 0 L 3370 1 L 3370
3370 1 L 3371 1 L 3371
3371 0 L 3372 1 L 3372
3372 0 L 3373 1 R 3379
3373 0 R 3374 1 R 3375
3374 0 R 3376 1 R 3376
3375 0 R 3377 1 R 3377
3376 0 L 3378 1 L 3378
3377 1 L 3378 0 L 3378
3378 0 L 3371 0 L 3371
3379 0 R 3380 1 R 3380
3380 1 R 3381 1 R 3381
3381 0 R 3382 1 R 3382
3382 0 R 3383 1 L 3389
3383 0 L 3384 1 L 3385
3384 0 L 3386 1 L 3386
3385 0 L 3387 1 L 3387
3386 0 R 3388 1 R 3388
3387 1 R 3388 0 R 3388
3388 0 R 3381 0 R 3381
3389 0 L 3390 1 L 3390
3390 1 L 3391 1 L 3391
3391 0 L 3392 1 L 3392
3392 0 L 3393 1 R 3399
3393 0 R 3394 1 R 3395
3394 0 R 3396 1 R 3396
3395 0 R 3397 1 R 3397
3396 0 L 3398 1 L 3398
3397 1 L 3398 0 L 3398
3398 0 L 3391 0 L 3391
3399 0 R 3400 1 R 3400
3400 1 R 3401 1 R 3401
3401 0 R 3402 1 R 3402
3402 0 R 3403 1 L 3409
3403 0 L 3404 1 L 3405
3404 0 L 3406 1 L 3406
3405 0 L 3407 1 L 3407
3406 0 R 3408 1 R 3408
3407 1 R 3408 0 R 3408
3408 0 R 3401 0 R 3401
3409 0 L 3410 1 L 3410
3410 1 L 3411 1 L 3411
3411 0 L 3412 1 L 3412
3412 0 L 3413 1 R 3419
3413 0 R 3414 1 R 3415
3414 0 R 3416 1 R 3416
3415 0 R 3417 1 R 3417
3416 0 L 3418 1 L 3418
3417 1 L 3418 0 L 3418
3418 0 L 3411 0 L 3411
3419 0 R 3420 1 R 3420
3420 1 R 3421 1 R 3421
3421 0 R 3422 1 R 3422
3422 0 R 3423 1 L 3429
3423 0 L 3424 1 L 3425
3424 0 L 3426 1 L 3426
3425 0 L 3427 1 L 3427
3426 0 R 3428 1 R 3428
3427 1 R 3428 0 R 3428
3428 0 R 3421 0 R 3421
3429 0 L 3430 1 L 3430
3430 1 L 3431 1 L 3431
3431 0 L 3432 1 L 3432
3432 0 L 3433 1 R 3439
3433 0 R 3434 1 R 3435
3434 0 R 3436 1 R 3436
3435 0 R 3437 1 R 3437
3436 0 L 3438 1 L 3438
3437 1 L 3438 0 L 3438
3438 0 L 3431 0 L 3431
3439 0 R 3440 1 R 3440
3440 1 R 3441 1 R 3441
3441 0 R 3442 1 R 3442
3442 0 R 3443 1 L 3449
3443 0 L 3444 1 L 3445
3444 0 L 3446 1 L 3446
3445 0 L 3447 1 L 3447
3446 0 R 3448 1 R 3448
3447 1 R 3448 0 R 3448
3448 0 R 3441 0 R 3441
3449 0 L 3450 1 L 3450
3450 1 L 3451 1 L 3451
3451 0 L 3452 1 L 3452
3452 0 L 3453 1 R 3459
3453 0 R 3454 1 R 3455
3454 0 R 3456 1 R 3456
3455 0 R 3457 1 R 3457
3456 0 L 3458 1 L 3458
3457 1 L 3458 0 L 3458
3458 0 L 3451 0 L 3451
3459 0 R 3460 1 R 3460
3460 1 R 3461 1 R 3461
3461 0 R 3462 1 R 3462
3462 0 R 3463 1 L 3469
3463 0 L 3464 1 L 3465
3464 0 L 3466 1 L 3466
3465 0 L 3467 1 L 3467
3466 0 R 3468 1 R 3468
3467 1 R 3468 0 R 3468
3468 0 R 3461 0 R 3461
3469 0 L 3470 1 L 3470
3470 1 L 3471 1 L 3471
3471 0 L 3472 1 L 3472
3472 0 L 3473 1 R 3479
3473 0 R 3474 1 R 3475
3474 0 R 3476 1 R 3476
3475 0 R 3477 1 R 3477
3476 0 L 3478 1 L 3478
3477 1 L 3478 0 L 3478
3478 0 L 3471 0 L 3471
3479 0 R 3480 1 R 3480
3480 1 R 3481 1 R 3481
3481 0 R 3482 1 R 3482
3482 0 R 3483 1 L 3489
3483 0 L 3484 1 L 3485
3484 0 L 3486 1 L 3486
3485 0 L 3487 1 L 3487
3486 0 R 3488 1 R 3488
3487 1 R 3488 0 R 3488
3488 0 R 3481 0 R 3481
3489 0 L 3490 1 L 3490
3490 1 L 3491 1 L 3491
3491 0 L 3492 1 L 3492
3492 0 L 3493 1 R 3499
3493 0 R 3494 1 R 3495
3494 0 R 3496 1 R 3496
3495 0 R 3497 1 R 3497
3496 0 L 3498 1 L 3498
3497 1 L 3498 0 L 3498
3498 0 L 3491 0 L 3491
3499 0 R 3500 1 R 3500
3500 1 R 3501 1 R 3501
3501 0 R 3502 1 R 3502
3502 0 R 3503 1 L 3509
3503 0 L 3504 1 L 3505
3504 0 L 3506 1 L 3506
3505 0 L 3507 1 L 3507
3506 0 R 3508 1 R 3508
3507 1 R 3508 0 R 3508
3508 0 R 3501 0 R 3501
3509 0 L 3510 1 L 3510
3510 1 L 3511 1 L 3511
3511 0 L 3512 1 L 3512
3512 0 L 3513 1 R 3519
3513 0 R 3514 1 R 3515
3514 0 R 3516 1 R 3516
3515 0 R 3517 1 R 3517
3516 0 L 3518 1 L 3518
3517 1 L 3518 0 L 3518
3518 0 L 3511 0 L 3511
3519 0 R 3520 1 R 3520
3520 1 R 3521 1 R 3521
3521 0 R 3522 1 R 3522
3522 0 R 3523 1 L 3529
3523 0 L 3524 1 L 3525
3524 0 L 3526 1 L 3526
3525 0 L 3527 1 L 3527
3526 0 R 3528 1 R 3528
3527 1 R 3528 0 R 3528
3528 0 R 3521 0 R 3521
3529 0 L 3530 1 L 3530
3530 1 L 3531 1 L 3531
3531 0 L 3532 1 L 3532
3532 0 L 3533 1 R 3539
3533 0 R 3534 1 R 3535
3534 0 R 3536 1 R 3536
3535 0 R 3537 1 R 3537
3536 0 L 3538 1 L 3538
3537 1 L 3538 0 L 3538
3538 0 L 3531 0 L 3531
3539 0 R 3540 1 R 3540
3540 1 R 3541 1 R 3541
3541 0 R 3542 1 R 3542
3542 0 R 3543 1 L 3549
3543 0 L 3544 1 L 3545
3544 0 L 3546 1 L 3546
3545 0 L 3547 1 L 3547
3546 0 R 3548 1 R 3548
3547 1 R 3548 0 R 3548
3548 0 R 3541 0 R 3541
3549 0 L 3550 1 L 3550
3550 1 L 3551 1 L 3551
3551 0 L 3552 1 L 3552
3552 0 L 3553 1 R 3559
3553 0 R 3554 1 R 3555
3554 0 R 3556 1 R 3556
3555 0 R 3557 1 R 3557
3556 0 L 3558 1 L 3558
3557 1 L 3558 0 L 3558
3558 0 L 3551 0 L 3551
3559 0 R 3560 1 R 3560
3560 1 R 3561 1 R 3561
3561 0 R 3562 1 R 3562
3562 0 R 3563 1 L 3569
3563 0 L 3564 1 L 3565
3564 0 L 3566 1 L 3566
3565 0 L 3567 1 L 3567
3566 0 R 3568 1 R 3568
3567 1 R 3568 0 R 3568
3568 0 R 3561 0 R 3561
3569 0 L 3570 1 L 3570
3570 1 L 3571 1 L 3571
3571 0 L 3572 1 L 3572
3572 0 L 3573 1 R 3579
3573 0 R 3574 1 R 3575
3574 0 R 3576 1 R 3576
3575 0 R 3577 1 R 3577
3576 0 L 3578 1 L 3578
3577 1 L 3578 0 L 3578
3578 0 L 3571 0 L 3571
3579 0 R 3580 1 R 3580
3580 1 R 3581 1 R 3581
3581 0 R 3582 1 R 3582
3582 0 R 3583 1 L 3589
3583 0 L 3584 1 L 3585
3584 0 L 3586 1 L 3586
3585 0 L 3587 1 L 3587
3586 0 R 3588 1 R 3588
3587 1 R 3588 0 R 3588
3588 0 R 3581 0 R 3581
3589 0 L 3590 1 L 3590
3590 1 L 3591 1 L 3591
3591 0 L 3592 1 L 3592
3592 0 L 3593 1 R 3599
3593 0 R 3594 1 R 3595
3594 0 R 3596 1 R 3596
3595 0 R 3597 1 R 3597
3596 0 L 3598 1 L 3598
3597 1 L 3598 0 L 3598
3598 0 L 3591 0 L 3591
3599 0 R 3600 1 R 3600
3600 1 R 3601 1 R 3601
3601 0 R 3602 1 R 3602
3602 0 R 3603 1 L 3609
3603 0 L 3604 1 L 3605
3604 0 L 3606 1 L 3606
3605 0 L 3607 1 L 3607
3606 0 R 3608 1 R 3608
3607 1 R 3608 0 R 3608
3608 0 R 3601 0 R 3601
3609 0 L 3610 1 L 3610
3610 1 L 3611 1 L 3611
3611 0 L 3612 1 L 3612
3612 0 L 3613 1 R 3619
3613 0 R 3614 1 R 3615
3614 0 R 3616 1 R 3616
3615 0 R 3617 1 R 3617
3616 0 L 3618 1 L 3618
3617 1 L 3618 0 L 3618
3618 0 L 3611 0 L 3611
3619 0 R 3620 1 R 3620
3620 1 R 3621 1 R 3621
3621 0 R 3622 1 R 3622
3622 0 R 3623 1 L 3629
3623 0 L 3624 1 L 3625
3624 0 L 3626 1 L 3626
3625 0 L 3627 1 L 3627
3626 0 R 3628 1 R 3628
3627 1 R 3628 0 R 3628
3628 0 R 3621 0 R 3621
3629 0 L 3630 1 L 3630
3630 1 L 3631 1 L 3631
3631 0 L 3632 1 L 3632
3632 0 L 3633 1 R 3639
3633 0 R 3634 1 R 3635
3634 0 R 3636 1 R 3636
3635 0 R 3637 1 R 3637
3636 0 L 3638 1 L 3638
3637 1 L 3638 0 L 3638
3638 0 L 3631 0 L 3631
3639 0 R 3640 1 R 3640
3640 1 R 3641 1 R 3641
3641 0 R 3642 1 R 3642
3642 0 R 3643 1 L 3649
3643 0 L 3644 1 L 3645
3644 0 L 3646 1 L 3646
3645 0 L 3647 1 L 3647
3646 0 R 3648 1 R 3648
3647 1 R 3648 0 R 3648
3648 0 R 3641 0 R 3641
3649 0 L 3650 1 L 3650
3650 1 L 3651 1 L 3651
3651 0 L 3652 1 L 3652
3652 0 L 3653 1 R 3659
3653 0 R 3654 1 R 3655
3654 0 R 3656 1 R 3656
3655 0 R 3657 1 R 3657
3656 0 L 3658 1 L 3658
3657 1 L 3658 0 L 3658
3658 0 L 3651 0 L 3651
3659 0 R 3660 1 R 3660
3660 1 R 3661 1 R 3661
3661 0 R 3662 1 R 3662
3662 0 R 3663 1 L 3669
3663 0 L 3664 1 L 3665
3664 0 L 3666 1 L 3666
3665 0 L 3667 1 L 3667
3666 0 R 3668 1 R 3668
3667 1 R 3668 0 R 3668
3668 0 R 3661 0 R 3661
3669 0 L 3670 1 L 3670
3670 1 L 3671 1 L 3671
3671 0 L 3672 1 L 3672
3672 0 L 3673 1 R 3679
3673 0 R 3674 1 R 3675
3674 0 R 3676 1 R 3676
3675 0 R 3677 1 R 3677
3676 0 L 3678 1 L 3678
3677 1 L 3678 0 L 3678
3678 0 L 3671 0 L 3671
3679 0 R 3680 1 R 3680
3680 1 R 3681 1 R 3681
3681 0 L 3682 1 L 3682
3682 0 R 3683 1 L 3681
3683 0 R 3684 0 R 3684
3684 0 R 3685 0 R 3685
3685 0 R 4422 0 R 3686
3686 0 R 3687 0 R 3687
3687 0 R 3688 0 R 4422
3688 0 R 3689 0 R 3689
3689 0 R 3690 0 R 4422
3690 0 R 3691 0 R 3691
3691 0 R 3692 0 R 4422
3692 0 R 3693 0 R 3693
3693 0 R 3694 0 R 4422
3694 0 R 3695 0 R 3695
3695 0 R 4422 0 R 3696
3696 0 R 3697 0 R 3697
3697 0 R 4422 0 R 3698
3698 0 R 3699 0 R 3699
3699 0 R 3700 0 R 4422
3700 0 R 3701 0 R 3701
3701 0 R 4422 0 R 3702
3702 0 R 3703 0 R 3703
3703 0 R 4422 0 R 3704
3704 0 R 3705 0 R 3705
3705 0 R 3706 0 R 4422
3706 0 R 3707 0 R 3707
3707 0 R 3708 0 R 4422
3708 0 R 3709 0 R 3709
3709 0 R 3710 0 R 4422
3710 0 R 3711 0 R 3711
3711 0 R 3712 0 R 4422
3712 0 R 3713 0 R 3713
3713 0 R 4422 0 R 3714
3714 0 R 3715 0 R 3715
3715 0 R 4422 0 R 3716
3716 0 R 3717 0 R 3717
3717 0 R 4422 0 R 3718
3718 0 R 3719 0 R 3719
3719 0 R 4422 0 R 3720
3720 0 R 3721 0 R 3721
3721 0 R 4422 0 R 3722
3722 0 R 3723 0 R 3723
3723 0 R 4422 0 R 3724
3724 0 R 3725 0 R 3725
3725 0 R 4422 0 R 3726
3726 0 R 3727 0 R 3727
3727 0 R 3728 0 R 4422
3728 0 R 3729 0 R 3729
3729 0 R 4422 0 R 3730
3730 0 R 3731 0 R 3731
3731 0 R 3732 0 R 4422
3732 0 R 3733 0 R 3733
3733 0 R 4422 0 R 3734
3734 0 R 3735 0 R 3735
3735 0 R 4422 0 R 3736
3736 0 R 3737 0 R 3737
3737 0 R 4422 0 R 3738
3738 0 R 3739 0 R 3739
3739 0 R 4422 0 R 3740
3740 0 R 3741 0 R 3741
3741 0 R 4422 0 R 3742
3742 0 R 3743 0 R 3743
3743 0 R 3744 0 R 4422
3744 0 R 3745 0 R 3745
3745 0 R 3746 0 R 4422
3746 0 R 3747 0 R 3747
3747 0 R 4422 0 R 3748
3748 0 R 3749 0 R 3749
3749 0 R 3750 0 R 4422
3750 0 R 3751 0 R 3751
3751 0 R 4422 0 R 3752
3752 0 R 3753 0 R 3753
3753 0 R 3754 0 R 4422
3754 0 R 3755 0 R 3755
3755 0 R 4422 0 R 3756
3756 0 R 3757 0 R 3757
3757 0 R 3758 0 R 4422
3758 0 R 3759 0 R 3759
3759 0 R 4422 0 R 3760
3760 0 R 3761 0 R 3761
3761 0 R 4422 0 R 3762
3762 0 R 3763 0 R 3763
3763 0 R 3764 0 R 4422
3764 0 R 3765 0 R 3765
3765 0 R 3766 0 R 4422
3766 0 R 3767 0 R 3767
3767 0 R 3768 0 R 4422
3768 0 R 3769 0 R 3769
3769 0 R 4422 0 R 3770
3770 0 R 3771 0 R 3771
3771 0 R 4422 0 R 3772
3772 0 R 3773 0 R 3773
3773 0 R 4422 0 R 3774
3774 0 R 3775 0 R 3775
3775 0 R 4422 0 R 3776
3776 0 R 3777 0 R 3777
3777 0 R 3778 0 R 4422
3778 0 R 3779 0 R 3779
3779 0 R 3780 0 R 4422
3780 0 R 3781 0 R 3781
3781 0 R 3782 0 R 4422
3782 0 R 3783 0 R 3783
3783 0 R 3784 0 R 4422
3784 0 R 3785 0 R 3785
3785 0 R 3786 0 R 4422
3786 0 R 3787 0 R 3787
3787 0 R 3788 0 R 4422
3788 0 R 3789 0 R 3789
3789 0 R 3790 0 R 4422
3790 0 R 3791 0 R 3791
3791 0 R 4422 0 R 3792
3792 0 R 3793 0 R 3793
3793 0 R 3794 0 R 4422
3794 0 R 3795 0 R 3795
3795 0 R 4422 0 R 3796
3796 0 R 3797 0 R 3797
3797 0 R 4422 0 R 3798
3798 0 R 3799 0 R 3799
3799 0 R 3800 0 R 4422
3800 0 R 3801 0 R 3801
3801 0 R 4422 0 R 3802
3802 0 R 3803 0 R 3803
3803 0 R 3804 0 R 4422
3804 0 R 3805 0 R 3805
3805 0 R 4422 0 R 3806
3806 0 R 3807 0 R 3807
3807 0 R 4422 0 R 3808
3808 0 R 3809 0 R 3809
3809 0 R 3810 0 R 4422
3810 0 R 3811 0 R 3811
3811 0 R 3812 0 R 4422
3812 0 R 3813 0 R 3813
3813 0 R 4422 0 R 3814
3814 0 R 3815 0 R 3815
3815 0 R 4422 0 R 3816
3816 0 R 3817 0 R 3817
3817 0 R 3818 0 R 4422
3818 0 R 3819 0 R 3819
3819 0 R 3820 0 R 4422
3820 0 R 3821 0 R 3821
3821 0 R 4422 0 R 3822
3822 0 R 3823 0 R 3823
3823 0 R 4422 0 R 3824
3824 0 R 3825 0 R 3825
3825 0 R 4422 0 R 3826
3826 0 R 3827 0 R 3827
3827 0 R 4422 0 R 3828
3828 0 R 3829 0 R 3829
3829 0 R 4422 0 R 3830
3830 0 R 3831 0 R 3831
3831 0 R 4422 0 R 3832
3832 0 R 3833 0 R 3833
3833 0 R 3834 0 R 4422
3834 0 R 3835 0 R 3835
3835 0 R 3836 0 R 4422
3836 0 R 3837 0 R 3837
3837 0 R 4422 0 R 3838
3838 0 R 3839 0 R 3839
3839 0 R 4422 0 R 3840
3840 0 R 3841 0 R 3841
3841 0 R 3842 0 R 4422
3842 0 R 3843 0 R 3843
3843 0 R 3844 0 R 4422
3844 0 R 3845 0 R 3845
3845 0 R 4422 0 R 3846
3846 0 R 3847 0 R 3847
3847 0 R 3848 0 R 4422
3848 0 R 3849 0 R 3849
3849 0 R 4422 0 R 3850
3850 0 R 3851 0 R 3851
3851 0 R 3852 0 R 4422
3852 0 R 3853 0 R 3853
3853 0 R 4422 0 R 3854
3854 0 R 3855 0 R 3855
3855 0 R 4422 0 R 3856
3856 0 R 3857 0 R 3857
3857 0 R 3858 0 R 4422
3858 0 R 3859 0 R 3859
3859 0 R 3860 0 R 4422
3860 0 R 3861 0 R 3861
3861 0 R 4422 0 R 3862
3862 0 R 3863 0 R 3863
3863 0 R 4422 0 R 3864
3864 0 R 3865 0 R 3865
3865 0 R 3866 0 R 4422
3866 0 R 3867 0 R 3867
3867 0 R 3868 0 R 4422
3868 0 R 3869 0 R 3869
3869 0 R 3870 0 R 4422
3870 0 R 3871 0 R 3871
3871 0 R 3872 0 R 4422
3872 0 R 3873 0 R 3873
3873 0 R 3874 0 R 4422
3874 0 R 3875 0 R 3875
3875 0 R 3876 0 R 4422
3876 0 R 3877 0 R 3877
3877 0 R 4422 0 R 3878
3878 0 R 3879 0 R 3879
3879 0 R 3880 0 R 4422
3880 0 R 3881 0 R 3881
3881 0 R 3882 0 R 4422
3882 0 R 3883 0 R 3883
3883 0 R 4422 0 R 3884
3884 0 R 3885 0 R 3885
3885 0 R 3886 0 R 4422
3886 0 R 3887 0 R 3887
3887 0 R 4422 0 R 3888
3888 0 R 3889 0 R 3889
3889 0 R 3890 0 R 4422
3890 0 R 3891 0 R 3891
3891 0 R 4422 0 R 3892
3892 0 R 3893 0 R 3893
3893 0 R 3894 0 R 4422
3894 0 R 3895 0 R 3895
3895 0 R 3896 0 R 4422
3896 0 R 3897 0 R 3897
3897 0 R 4422 0 R 3898
3898 0 R 3899 0 R 3899
3899 0 R 4422 0 R 3900
3900 0 R 3901 0 R 3901
3901 0 R 3902 0 R 4422
3902 0 R 3903 0 R 3903
3903 0 R 4422 0 R 3904
3904 0 R 3905 0 R 3905
3905 0 R 3906 0 R 4422
3906 0 R 3907 0 R 3907
3907 0 R 4422 0 R 3908
3908 0 R 3909 0 R 3909
3909 0 R 4422 0 R 3910
3910 0 R 3911 0 R 3911
3911 0 R 4422 0 R 3912
3912 0 R 3913 0 R 3913
3913 0 R 3914 0 R 4422
3914 0 R 3915 0 R 3915
3915 0 R 3916 0 R 4422
3916 0 R 3917 0 R 3917
3917 0 R 4422 0 R 3918
3918 0 R 3919 0 R 3919
3919 0 R 3920 0 R 4422
3920 0 R 3921 0 R 3921
3921 0 R 4422 0 R 3922
3922 0 R 3923 0 R 3923
3923 0 R 3924 0 R 4422
3924 0 R 3925 0 R 3925
3925 0 R 4422 0 R 3926
3926 0 R 3927 0 R 3927
3927 0 R 3928 0 R 4422
3928 0 R 3929 0 R 3929
3929 0 R 4422 0 R 3930
3930 0 R 3931 0 R 3931
3931 0 R 3932 0 R 4422
3932 0 R 3933 0 R 3933
3933 0 R 3934 0 R 4422
3934 0 R 3935 0 R 3935
3935 0 R 4422 0 R 3936
3936 0 R 3937 0 R 3937
3937 0 R 4422 0 R 3938
3938 0 R 3939 0 R 3939
3939 0 R 3940 0 R 4422
3940 0 R 3941 0 R 3941
3941 0 R 3942 0 R 4422
3942 0 R 3943 0 R 3943
3943 0 R 4422 0 R 3944
3944 0 R 3945 0 R 3945
3945 0 R 3946 0 R 4422
3946 0 R 3947 0 R 3947
3947 0 R 4422 0 R 3948
3948 0 R 3949 0 R 3949
3949 0 R 4422 0 R 3950
3950 0 R 3951 0 R 3951
3951 0 R 3952 0 R 4422
3952 0 R 3953 0 R 3953
3953 0 R 3954 0 R 4422
3954 0 R 3955 0 R 3955
3955 0 R 4422 0 R 3956
3956 0 R 3957 0 R 3957
3957 0 R 3958 0 R 4422
3958 0 R 3959 0 R 3959
3959 0 R 3960 0 R 4422
3960 0 R 3961 0 R 3961
3961 0 R 4422 0 R 3962
3962 0 R 3963 0 R 3963
3963 0 R 4422 0 R 3964
3964 0 R 3965 0 R 3965
3965 0 R 4422 0 R 3966
3966 0 R 3967 0 R 3967
3967 0 R 4422 0 R 3968
3968 0 R 3969 0 R 3969
3969 0 R 3970 0 R 4422
3970 0 R 3971 0 R 3971
3971 0 R 3972 0 R 4422
3972 0 R 3973 0 R 3973
3973 0 R 4422 0 R 3974
3974 0 R 3975 0 R 3975
3975 0 R 4422 0 R 3976
3976 0 R 3977 0 R 3977
3977 0 R 4422 0 R 3978
3978 0 R 3979 0 R 3979
3979 0 R 4422 0 R 3980
3980 0 R 3981 0 R 3981
3981 0 R 4422 0 R 3982
3982 0 R 3983 0 R 3983
3983 0 R 3984 0 R 4422
3984 0 R 3985 0 R 3985
3985 0 R 3986 0 R 4422
3986 0 R 3987 0 R 3987
3987 0 R 4422 0 R 3988
3988 0 R 3989 0 R 3989
3989 0 R 3990 0 R 4422
3990 0 R 3991 0 R 3991
3991 0 R 4422 0 R 3992
3992 0 R 3993 0 R 3993
3993 0 R 3994 0 R 4422
3994 0 R 3995 0 R 3995
3995 0 R 4422 0 R 3996
3996 0 R 3997 0 R 3997
3997 0 R 3998 0 R 4422
3998 0 R 3999 0 R 3999
3999 0 R 4000 0 R 4422
4000 0 R 4001 0 R 4001
4001 0 R 4422 0 R 4002
4002 0 R 4003 0 R 4003
4003 0 R 4422 0 R 4004
4004 0 R 4005 0 R 4005
4005 0 R 4422 0 R 4006
4006 0 R 4007 0 R 4007
4007 0 R 4422 0 R 4008
4008 0 R 4009 0 R 4009
4009 0 R 4010 0 R 4422
4010 0 R 4011 0 R 4011
4011 0 R 4012 0 R 4422
4012 0 R 4013 0 R 4013
4013 0 R 4014 0 R 4422
4014 0 R 4015 0 R 4015
4015 0 R 4422 0 R 4016
4016 0 R 4017 0 R 4017
4017 0 R 4018 0 R 4422
4018 0 R 4019 0 R 4019
4019 0 R 4422 0 R 4020
4020 0 R 4021 0 R 4021
4021 0 R 4022 0 R 4422
4022 0 R 4023 0 R 4023
4023 0 R 4422 0 R 4024
4024 0 R 4025 0 R 4025
4025 0 R 4026 0 R 4422
4026 0 R 4027 0 R 4027
4027 0 R 4422 0 R 4028
4028 0 R 4029 0 R 4029
4029 0 R 4030 0 R 4422
4030 0 R 4031 0 R 4031
4031 0 R 4032 0 R 4422
4032 0 R 4033 0 R 4033
4033 0 R 4034 0 R 4422
4034 0 R 4035 0 R 4035
4035 0 R 4036 0 R 4422
4036 0 R 4037 0 R 4037
4037 0 R 4422 0 R 4038
4038 0 R 4039 0 R 4039
4039 0 R 4422 0 R 4040
4040 0 R 4041 0 R 4041
4041 0 R 4422 0 R 4042
4042 0 R 4043 0 R 4043
4043 0 R 4422 0 R 4044
4044 0 R 4045 0 R 4045
4045 0 R 4422 0 R 4046
4046 0 R 4047 0 R 4047
4047 0 R 4422 0 R 4048
4048 0 R 4049 0 R 4049
4049 0 R 4422 0 R 4050
4050 0 R 4051 0 R 4051
4051 0 R 4422 0 R 4052
4052 0 R 4053 0 R 4053
4053 0 R 4054 0 R 4422
4054 0 R 4055 0 R 4055
4055 0 R 4422 0 R 4056
4056 0 R 4057 0 R 4057
4057 0 R 4058 0 R 4422
4058 0 R 4059 0 R 4059
4059 0 R 4060 0 R 4422
4060 0 R 4061 0 R 4061
4061 0 R 4062 0 R 4422
4062 0 R 4063 0 R 4063
4063 0 R 4422 0 R 4064
4064 0 R 4065 0 R 4065
4065 0 R 4422 0 R 4066
4066 0 R 4067 0 R 4067
4067 0 R 4068 0 R 4422
4068 0 R 4069 0 R 4069
4069 0 R 4070 0 R 4422
4070 0 R 4071 0 R 4071
4071 0 R 4072 0 R 4422
4072 0 R 4073 0 R 4073
4073 0 R 4074 0 R 4422
4074 0 R 4075 0 R 4075
4075 0 R 4076 0 R 4422
4076 0 R 4077 0 R 4077
4077 0 R 4078 0 R 4422
4078 0 R 4079 0 R 4079
4079 0 R 4422 0 R 4080
4080 0 R 4081 0 R 4081
4081 0 R 4082 0 R 4422
4082 0 R 4083 0 R 4083
4083 0 R 4084 0 R 4422
4084 0 R 4085 0 R 4085
4085 0 R 4086 0 R 4422
4086 0 R 4087 0 R 4087
4087 0 R 4422 0 R 4088
4088 0 R 4089 0 R 4089
4089 0 R 4422 0 R 4090
4090 0 R 4091 0 R 4091
4091 0 R 4092 0 R 4422
4092 0 R 4093 0 R 4093
4093 0 R 4422 0 R 4094
4094 0 R 4095 0 R 4095
4095 0 R 4096 0 R 4422
4096 0 R 4097 0 R 4097
4097 0 R 4422 0 R 4098
4098 0 R 4099 0 R 4099
4099 0 R 4100 0 R 4422
4100 0 R 4101 0 R 4101
4101 0 R 4422 0 R 4102
4102 0 R 4103 0 R 4103
4103 0 R 4422 0 R 4104
4104 0 R 4105 0 R 4105
4105 0 R 4106 0 R 4422
4106 0 R 4107 0 R 4107
4107 0 R 4108 0 R 4422
4108 0 R 4109 0 R 4109
4109 0 R 4422 0 R 4110
4110 0 R 4111 0 R 4111
4111 0 R 4422 0 R 4112
4112 0 R 4113 0 R 4113
4113 0 R 4114 0 R 4422
4114 0 R 4115 0 R 4115
4115 0 R 4116 0 R 4422
4116 0 R 4117 0 R 4117
4117 0 R 4118 0 R 4422
4118 0 R 4119 0 R 4119
4119 0 R 4422 0 R 4120
4120 0 R 4121 0 R 4121
4121 0 R 4422 0 R 4122
4122 0 R 4123 0 R 4123
4123 0 R 4124 0 R 4422
4124 0 R 4125 0 R 4125
4125 0 R 4126 0 R 4422
4126 0 R 4127 0 R 4127
4127 0 R 4422 0 R 4128
4128 0 R 4129 0 R 4129
4129 0 R 4130 0 R 4422
4130 0 R 4131 0 R 4131
4131 0 R 4132 0 R 4422
4132 0 R 4133 0 R 4133
4133 0 R 4134 0 R 4422
4134 0 R 4135 0 R 4135
4135 0 R 4136 0 R 4422
4136 0 R 4137 0 R 4137
4137 0 R 4138 0 R 4422
4138 0 R 4139 0 R 4139
4139 0 R 4140 0 R 4422
4140 0 R 4141 0 R 4141
4141 0 R 4422 0 R 4142
4142 0 R 4143 0 R 4143
4143 0 R 4144 0 R 4422
4144 0 R 4145 0 R 4145
4145 0 R 4146 0 R 4422
4146 0 R 4147 0 R 4147
4147 0 R 4148 0 R 4422
4148 0 R 4149 0 R 4149
4149 0 R 4150 0 R 4422
4150 0 R 4151 0 R 4151
4151 0 R 4152 0 R 4422
4152 0 R 4153 0 R 4153
4153 0 R 4422 0 R 4154
4154 0 R 4155 0 R 4155
4155 0 R 4156 0 R 4422
4156 0 R 4157 0 R 4157
4157 0 R 4158 0 R 4422
4158 0 R 4159 0 R 4159
4159 0 R 4160 0 R 4422
4160 0 R 4161 0 R 4161
4161 0 R 4162 0 R 4422
4162 0 R 4163 0 R 4163
4163 0 R 4164 0 R 4422
4164 0 R 4165 0 R 4165
4165 0 R 4166 0 R 4422
4166 0 R 4167 0 R 4167
4167 0 R 4422 0 R 4168
4168 0 R 4169 0 R 4169
4169 0 R 4170 0 R 4422
4170 0 R 4171 0 R 4171
4171 0 R 4172 0 R 4422
4172 0 R 4173 0 R 4173
4173 0 R 4422 0 R 4174
4174 0 R 4175 0 R 4175
4175 0 R 4422 0 R 4176
4176 0 R 4177 0 R 4177
4177 0 R 4178 0 R 4422
4178 0 R 4179 0 R 4179
4179 0 R 4180 0 R 4422
4180 0 R 4181 0 R 4181
4181 0 R 4182 0 R 4422
4182 0 R 4183 0 R 4183
4183 0 R 4422 0 R 4184
4184 0 R 4185 0 R 4185
4185 0 R 4422 0 R 4186
4186 0 R 4187 0 R 4187
4187 0 R 4188 0 R 4422
4188 0 R 4189 0 R 4189
4189 0 R 4190 0 R 4422
4190 0 R 4191 0 R 4191
4191 0 R 4192 0 R 4422
4192 0 R 4193 0 R 4193
4193 0 R 4422 0 R 4194
4194 0 R 4195 0 R 4195
4195 0 R 4196 0 R 4422
4196 0 R 4197 0 R 4197
4197 0 R 4198 0 R 4422
4198 0 R 4199 0 R 4199
4199 0 R 4200 0 R 4422
4200 0 R 4201 0 R 4201
4201 0 R 4202 0 R 4422
4202 0 R 4203 0 R 4203
4203 0 R 4204 0 R 4422
4204 0 R 4205 0 R 4205
4205 0 R 4206 0 R 4422
4206 0 R 4207 0 R 4207
4207 0 R 4208 0 R 4422
4208 0 R 4209 0 R 4209
4209 0 R 4210 0 R 4422
4210 0 R 4211 0 R 4211
4211 0 R 4212 0 R 4422
4212 0 R 4213 0 R 4213
4213 0 R 4214 0 R 4422
4214 0 R 4215 0 R 4215
4215 0 R 4216 0 R 4422
4216 0 R 4217 0 R 4217
4217 0 R 4422 0 R 4218
4218 0 R 4219 0 R 4219
4219 0 R 4220 0 R 4422
4220 0 R 4221 0 R 4221
4221 0 R 4222 0 R 4422
4222 0 R 4223 0 R 4223
4223 0 R 4224 0 R 4422
4224 0 R 4225 0 R 4225
4225 0 R 4422 0 R 4226
4226 0 R 4227 0 R 4227
4227 0 R 4228 0 R 4422
4228 0 R 4229 0 R 4229
4229 0 R 4230 0 R 4422
4230 0 R 4231 0 R 4231
4231 0 R 4232 0 R 4422
4232 0 R 4233 0 R 4233
4233 0 R 4234 0 R 4422
4234 0 R 4235 0 R 4235
4235 0 R 4236 0 R 4422
4236 0 R 4237 0 R 4237
4237 0 R 4238 0 R 4422
4238 0 R 4239 0 R 4239
4239 0 R 4422 0 R 4240
4240 0 R 4241 0 R 4241
4241 0 R 4242 0 R 4422
4242 0 R 4243 0 R 4243
4243 0 R 4244 0 R 4422
4244 0 R 4245 0 R 4245
4245 0 R 4422 0 R 4246
4246 0 R 4247 0 R 4247
4247 0 R 4248 0 R 4422
4248 0 R 4249 0 R 4249
4249 0 R 4250 0 R 4422
4250 0 R 4251 0 R 4251
4251 0 R 4252 0 R 4422
4252 0 R 4253 0 R 4253
4253 0 R 4422 0 R 4254
4254 0 R 4255 0 R 4255
4255 0 R 4422 0 R 4256
4256 0 R 4257 0 R 4257
4257 0 R 4258 0 R 4422
4258 0 R 4259 0 R 4259
4259 0 R 4260 0 R 4422
4260 0 R 4261 0 R 4261
4261 0 R 4262 0 R 4422
4262 0 R 4263 0 R 4263
4263 0 R 4422 0 R 4264
4264 0 R 4265 0 R 4265
4265 0 R 4422 0 R 4266
4266 0 R 4267 0 R 4267
4267 0 R 4268 0 R 4422
4268 0 R 4269 0 R 4269
4269 0 R 4422 0 R 4270
4270 0 R 4271 0 R 4271
4271 0 R 4272 0 R 4422
4272 0 R 4273 0 R 4273
4273 0 R 4422 0 R 4274
4274 0 R 4275 0 R 4275
4275 0 R 4276 0 R 4422
4276 0 R 4277 0 R 4277
4277 0 R 4278 0 R 4422
4278 0 R 4279 0 R 4279
4279 0 R 4422 0 R 4280
4280 0 R 4281 0 R 4281
4281 0 R 4422 0 R 4282
4282 0 R 4283 0 R 4283
4283 0 R 4284 0 R 4422
4284 0 R 4285 0 R 4285
4285 0 R 4286 0 R 4422
4286 0 R 4287 0 R 4287
4287 0 R 4288 0 R 4422
4288 0 R 4289 0 R 4289
4289 0 R 4422 0 R 4290
4290 0 R 4291 0 R 4291
4291 0 R 4292 0 R 4422
4292 0 R 4293 0 R 4293
4293 0 R 4422 0 R 4294
4294 0 R 4295 0 R 4295
4295 0 R 4422 0 R 4296
4296 0 R 4297 0 R 4297
4297 0 R 4422 0 R 4298
4298 0 R 4299 0 R 4299
4299 0 R 4300 0 R 4422
4300 0 R 4301 0 R 4301
4301 0 R 4302 0 R 4422
4302 0 R 4303 0 R 4303
4303 0 R 4422 0 R 4304
4304 0 R 4305 0 R 4305
4305 0 R 4422 0 R 4306
4306 0 R 4307 0 R 4307
4307 0 R 4308 0 R 4422
4308 0 R 4309 0 R 4309
4309 0 R 4310 0 R 4422
4310 0 R 4311 0 R 4311
4311 0 R 4422 0 R 4312
4312 0 R 4313 0 R 4313
4313 0 R 4422 0 R 4314
4314 0 R 4315 0 R 4315
4315 0 R 4316 0 R 4422
4316 0 R 4317 0 R 4317
4317 0 R 4422 0 R 4318
4318 0 R 4319 0 R 4319
4319 0 R 4320 0 R 4422
4320 0 R 4321 0 R 4321
4321 0 R 4422 0 R 4322
4322 0 R 4323 0 R 4323
4323 0 R 4324 0 R 4422
4324 0 R 4325 0 R 4325
4325 0 R 4422 0 R 4326
4326 0 R 4327 0 R 4327
4327 0 R 4422 0 R 4328
4328 0 R 4329 0 R 4329
4329 0 R 4330 0 R 4422
4330 0 R 4331 0 R 4331
4331 0 R 4332 0 R 4422
4332 0 R 4333 0 R 4333
4333 0 R 4422 0 R 4334
4334 0 R 4335 0 R 4335
4335 0 R 4336 0 R 4422
4336 0 R 4337 0 R 4337
4337 0 R 4338 0 R 4422
4338 0 R 4339 0 R 4339
4339 0 R 4340 0 R 4422
4340 0 R 4341 0 R 4341
4341 0 R 4422 0 R 4342
4342 0 R 4343 0 R 4343
4343 0 R 4422 0 R 4344
4344 0 R 4345 0 R 4345
4345 0 R 4346 0 R 4422
4346 0 R 4347 0 R 4347
4347 0 R 4348 0 R 4422
4348 0 R 4349 0 R 4349
4349 0 R 4350 0 R 4422
4350 0 R 4351 0 R 4351
4351 0 R 4422 0 R 4352
4352 0 R 4353 0 R 4353
4353 0 R 4354 0 R 4422
4354 0 R 4355 0 R 4355
4355 0 R 4356 0 R 4422
4356 0 R 4357 0 R 4357
4357 0 R 4422 0 R 4358
4358 0 R 4359 0 R 4359
4359 0 R 4360 0 R 4422
4360 0 R 4361 0 R 4361
4361 0 R 4362 0 R 4422
4362 0 R 4363 0 R 4363
4363 0 R 4364 0 R 4422
4364 0 R 4365 0 R 4365
4365 0 R 4422 0 R 4366
4366 0 R 4367 0 R 4367
4367 0 R 4422 0 R 4368
4368 0 R 4369 0 R 4369
4369 0 R 4370 0 R 4422
4370 0 R 4371 0 R 4371
4371 0 R 4372 0 R 4422
4372 0 R 4373 0 R 4373
4373 0 R 4374 0 R 4422
4374 0 R 4375 0 R 4375
4375 0 R 4376 0 R 4422
4376 0 R 4377 0 R 4377
4377 0 R 4378 0 R 4422
4378 0 R 4379 0 R 4379
4379 0 R 4380 0 R 4422
4380 0 R 4381 0 R 4381
4381 0 R 4422 0 R 4382
4382 0 R 4383 0 R 4383
4383 0 R 4422 0 R 4384
4384 0 R 4385 0 R 4385
4385 0 R 4386 0 R 4422
4386 0 R 4387 0 R 4387
4387 0 R 4388 0 R 4422
4388 0 R 4389 0 R 4389
4389 0 R 4422 0 R 4390
4390 0 R 4391 0 R 4391
4391 0 R 4422 0 R 4392
4392 0 R 4393 0 R 4393
4393 0 R 4394 0 R 4422
4394 0 R 4395 0 R 4395
4395 0 R 4396 0 R 4422
4396 0 R 4397 0 R 4397
4397 0 R 4398 0 R 4422
4398 0 R 4399 0 R 4399
4399 0 R 4422 0 R 4400
4400 0 R 4401 0 R 4401
4401 0 R 4402 0 R 4422
4402 0 R 4403 0 R 4403
4403 0 R 4404 0 R 4422
4404 0 R 4405 0 R 4405
4405 0 R 4406 0 R 4422
4406 0 R 4407 0 R 4407
4407 0 R 4408 0 R 4422
4408 0 R 4409 0 R 4409
4409 0 R 4410 0 R 4422
4410 0 R 4411 0 R 4411
4411 0 R 4412 0 R 4422
4412 0 R 4413 0 R 4413
4413 0 R 4414 0 R 4422
4414 0 R 4415 0 R 4415
4415 0 R 4422 0 R 4416
4416 0 R 4417 0 R 4417
4417 0 R 4422 0 R 4418
4418 0 R 4419 0 R 4419
4419 0 R 4420 0 R 4422
4420 0 R 4421 0 R 4421
4421 0 R 0 0 R 0
