1 0 R 448 1 R 448
2 0 R 692 1 R 469
3 0 R 146 1 R 457
4 0 R 22 1 R 3
5 0 L 6 1 L 6
6 0 L 7 0 L 7
7 0 L 8 0 L 8
8 1 L 9 1 L 9
9 1 L 10 1 L 10
10 0 L 11 0 L 11
11 0 L 59 0 L 59
12 0 R 515 1 R 5
13 0 R 515 1 R 475
14 0 R 12 1 R 13
15 0 R 645 1 R 14
16 0 R 563 1 R 15
17 0 R 5 1 R 450
18 0 R 17 1 R 449
19 0 R 627 1 R 18
20 0 R 19 1 R 455
21 0 R 16 1 R 20
22 0 R 21 1 R 692
23 0 R 153 1 R 457
24 0 R 22 1 R 23
25 0 L 27 1 R 29
26 0 R 25 0 R 25
27 1 L 539 1 L 539
28 0 L 30 1 R 29
29 0 R 28 1 R 29
30 0 L 31 1 L 31
31 0 L 540 0 L 32
32 1 L 31 1 L 32
33 1 L 34 0 L 35
34 0 L 50 1 L 50
35 1 L 50 0 L 51
36 0 L 38 1 L 38
37 1 L 38 0 L 39
38 0 L 40 1 L 40
39 1 L 40 0 L 41
40 0 L 42 1 L 42
41 1 L 42 0 L 43
42 0 L 44 1 L 44
43 1 L 44 0 L 45
44 0 L 46 1 L 46
45 1 L 46 0 L 47
46 0 L 48 1 L 48
47 1 L 48 0 L 49
48 0 L 1 1 L 1
49 1 L 1 0 L 1
50 0 L 52 1 L 52
51 1 L 52 0 L 53
52 0 L 54 1 L 54
53 1 L 54 0 L 55
54 0 L 56 1 L 56
55 1 L 56 0 L 57
56 0 L 58 1 L 58
57 1 L 58 0 L 59
58 0 L 60 1 L 60
59 1 L 60 0 L 61
60 0 L 62 1 L 62
61 1 L 62 0 L 63
62 0 L 64 1 L 64
63 1 L 64 0 L 65
64 0 L 36 1 L 36
65 1 L 36 0 L 37
66 0 L 538 0 R 67
67 1 R 66 1 R 67
68 0 R 69 1 R 69
69 0 R 70 1 R 70
70 1 L 539 1 R 71
71 0 R 70 1 R 71
72 0 L 73 1 L 73
73 0 L 74 0 L 74
74 1 L 478 1 L 478
75 0 L 76 1 L 76
76 1 L 77 1 L 77
77 0 L 78 0 L 78
78 0 L 83 0 L 83
79 0 L 80 1 L 80
80 1 L 81 1 L 81
81 0 L 82 0 L 82
82 1 L 83 1 L 83
83 0 L 55 0 L 55
84 0 L 85 1 L 85
85 0 L 669 0 L 669
86 0 L 87 1 L 87
87 0 L 97 0 L 97
88 0 L 89 1 L 89
89 0 L 90 0 L 90
90 0 L 91 0 L 91
91 1 L 92 1 L 92
92 1 L 93 1 L 93
93 1 L 94 1 L 94
94 0 L 58 0 L 58
95 0 L 96 1 L 96
96 1 L 97 1 L 97
97 0 L 98 0 L 98
98 1 L 99 1 L 99
99 1 L 55 1 L 55
100 0 L 101 1 L 101
101 0 L 102 0 L 102
102 0 L 51 0 L 51
103 0 L 104 1 L 104
104 0 L 105 0 L 105
105 0 L 106 0 L 106
106 0 L 53 0 L 53
107 0 L 108 1 L 108
108 1 L 109 1 L 109
109 0 L 110 0 L 110
110 0 L 111 0 L 111
111 0 L 112 0 L 112
112 0 L 113 0 L 113
113 1 L 59 1 L 59
114 0 R 68 1 R 68
115 0 R 114 1 R 114
116 0 R 115 1 R 115
117 0 R 116 1 R 116
118 0 R 514 1 R 100
119 0 R 527 1 R 95
120 0 R 118 1 R 119
121 0 R 120 1 R 454
122 0 R 121 1 R 575
123 0 R 117 1 R 122
124 0 R 651 1 R 601
125 0 R 531 1 R 514
126 0 R 450 1 R 450
127 0 R 125 1 R 126
128 0 R 638 1 R 127
129 0 R 124 1 R 128
130 0 R 129 1 R 456
131 0 R 123 1 R 130
132 0 R 609 1 R 560
133 0 R 629 1 R 454
134 0 R 132 1 R 133
135 0 R 134 1 R 456
136 0 R 684 1 R 135
137 0 R 131 1 R 136
138 0 R 609 1 R 577
139 0 R 631 1 R 454
140 0 R 138 1 R 139
141 0 R 140 1 R 456
142 0 R 684 1 R 141
143 0 R 609 1 R 582
144 0 R 633 1 R 454
145 0 R 143 1 R 144
146 0 R 145 1 R 456
147 0 R 684 1 R 146
148 0 R 142 1 R 147
149 0 R 137 1 R 148
150 0 R 609 1 R 590
151 0 R 635 1 R 454
152 0 R 150 1 R 151
153 0 R 152 1 R 456
154 0 R 684 1 R 153
155 0 R 154 1 R 458
156 0 R 155 1 R 459
157 0 R 149 1 R 156
158 0 R 24 1 R 4
159 0 R 702 1 R 158
160 0 R 157 1 R 159
161 0 R 512 1 R 498
162 0 R 655 1 R 454
163 0 R 619 1 R 162
164 0 R 518 1 R 568
165 0 R 164 1 R 672
166 0 R 657 1 R 165
167 0 R 588 1 R 166
168 0 R 163 1 R 167
169 0 R 88 1 R 515
170 0 R 79 1 R 450
171 0 R 169 1 R 170
172 0 R 171 1 R 627
173 0 R 103 1 R 450
174 0 R 173 1 R 449
175 0 R 174 1 R 644
176 0 R 172 1 R 175
177 0 R 86 1 R 450
178 0 R 177 1 R 449
179 0 R 611 1 R 178
180 0 R 179 1 R 580
181 0 R 176 1 R 180
182 0 R 168 1 R 181
183 0 R 631 1 R 611
184 0 R 183 1 R 162
185 0 R 184 1 R 456
186 0 R 185 1 R 457
187 0 R 182 1 R 186
188 0 R 187 1 R 558
189 0 R 744 1 R 188
190 0 R 161 1 R 189
191 0 R 160 1 R 190
192 0 R 24 1 R 459
193 0 R 192 1 R 498
194 0 R 512 1 R 735
195 0 R 193 1 R 194
196 0 R 558 1 R 459
197 0 R 196 1 R 498
198 0 R 504 1 R 744
199 0 R 197 1 R 198
200 0 R 195 1 R 199
201 0 R 191 1 R 200
202 0 R 504 1 R 512
203 0 R 744 1 R 498
204 0 R 202 1 R 203
205 0 R 512 1 R 744
206 0 R 744 1 R 744
207 0 R 205 1 R 206
208 0 R 204 1 R 207
209 0 R 745 1 R 459
210 0 R 209 1 R 498
211 0 R 197 1 R 210
212 0 R 744 1 R 196
213 0 R 203 1 R 212
214 0 R 211 1 R 213
215 0 R 208 1 R 214
216 0 R 201 1 R 215
217 0 R 498 1 R 498
218 0 R 209 1 R 504
219 0 R 217 1 R 218
220 0 R 206 1 R 197
221 0 R 219 1 R 220
222 0 R 744 1 R 735
223 0 R 202 1 R 222
224 0 R 498 1 R 504
225 0 R 735 1 R 498
226 0 R 224 1 R 225
227 0 R 223 1 R 226
228 0 R 221 1 R 227
229 0 R 194 1 R 206
230 0 R 504 1 R 739
231 0 R 197 1 R 230
232 0 R 229 1 R 231
233 0 R 161 1 R 230
234 0 R 735 1 R 744
235 0 R 234 1 R 224
236 0 R 233 1 R 235
237 0 R 232 1 R 236
238 0 R 228 1 R 237
239 0 R 216 1 R 238
240 0 R 737 1 R 512
241 0 R 240 1 R 224
242 0 R 737 1 R 735
243 0 R 744 1 R 460
244 0 R 242 1 R 243
245 0 R 241 1 R 244
246 0 R 580 1 R 139
247 0 R 515 1 R 568
248 0 R 518 1 R 667
249 0 R 247 1 R 248
250 0 R 658 1 R 249
251 0 R 596 1 R 250
252 0 R 246 1 R 251
253 0 R 88 1 R 518
254 0 R 107 1 R 450
255 0 R 253 1 R 254
256 0 R 255 1 R 644
257 0 R 174 1 R 627
258 0 R 256 1 R 257
259 0 R 654 1 R 454
260 0 R 593 1 R 259
261 0 R 258 1 R 260
262 0 R 252 1 R 261
263 0 R 659 1 R 515
264 0 R 75 1 R 450
265 0 R 263 1 R 264
266 0 R 265 1 R 627
267 0 R 84 1 R 450
268 0 R 267 1 R 449
269 0 R 268 1 R 644
270 0 R 266 1 R 269
271 0 R 167 1 R 270
272 0 R 174 1 R 611
273 0 R 272 1 R 455
274 0 R 273 1 R 456
275 0 R 271 1 R 274
276 0 R 262 1 R 275
277 0 R 276 1 R 558
278 0 R 277 1 R 498
279 0 R 278 1 R 202
280 0 R 733 1 R 279
281 0 R 245 1 R 280
282 0 R 735 1 R 735
283 0 R 504 1 R 498
284 0 R 282 1 R 283
285 0 R 194 1 R 234
286 0 R 284 1 R 285
287 0 R 197 1 R 224
288 0 R 735 1 R 460
289 0 R 288 1 R 461
290 0 R 287 1 R 289
291 0 R 286 1 R 290
292 0 R 281 1 R 291
293 0 R 198 1 R 197
294 0 R 741 1 R 293
295 0 R 739 1 R 460
296 0 R 224 1 R 295
297 0 R 296 1 R 741
298 0 R 294 1 R 297
299 0 R 498 1 R 512
300 0 R 739 1 R 504
301 0 R 299 1 R 300
302 0 R 231 1 R 301
303 0 R 512 1 R 739
304 0 R 303 1 R 206
305 0 R 304 1 R 231
306 0 R 302 1 R 305
307 0 R 298 1 R 306
308 0 R 292 1 R 307
309 0 R 239 1 R 308
310 0 R 737 1 R 504
311 0 R 299 1 R 310
312 0 R 512 1 R 737
313 0 R 312 1 R 206
314 0 R 311 1 R 313
315 0 R 161 1 R 240
316 0 R 231 1 R 315
317 0 R 314 1 R 316
318 0 R 504 1 R 737
319 0 R 318 1 R 206
320 0 R 196 1 R 711
321 0 R 711 1 R 702
322 0 R 320 1 R 321
323 0 R 319 1 R 322
324 0 R 737 1 R 711
325 0 R 704 1 R 737
326 0 R 324 1 R 325
327 0 R 744 1 R 711
328 0 R 327 1 R 325
329 0 R 326 1 R 328
330 0 R 323 1 R 329
331 0 R 317 1 R 330
332 0 R 737 1 R 744
333 0 R 321 1 R 332
334 0 R 333 1 R 733
335 0 R 735 1 R 702
336 0 R 704 1 R 739
337 0 R 335 1 R 336
338 0 R 719 1 R 704
339 0 R 212 1 R 338
340 0 R 337 1 R 339
341 0 R 334 1 R 340
342 0 R 711 1 R 704
343 0 R 498 1 R 735
344 0 R 342 1 R 343
345 0 R 739 1 R 744
346 0 R 342 1 R 345
347 0 R 344 1 R 346
348 0 R 289 1 R 741
349 0 R 347 1 R 348
350 0 R 341 1 R 349
351 0 R 331 1 R 350
352 0 R 735 1 R 704
353 0 R 711 1 R 711
354 0 R 352 1 R 353
355 0 R 719 1 R 719
356 0 R 325 1 R 355
357 0 R 354 1 R 356
358 0 R 702 1 R 737
359 0 R 704 1 R 498
360 0 R 358 1 R 359
361 0 R 360 1 R 289
362 0 R 357 1 R 361
363 0 R 733 1 R 741
364 0 R 744 1 R 719
365 0 R 719 1 R 702
366 0 R 364 1 R 365
367 0 R 737 1 R 704
368 0 R 367 1 R 343
369 0 R 366 1 R 368
370 0 R 363 1 R 369
371 0 R 362 1 R 370
372 0 R 342 1 R 332
373 0 R 372 1 R 733
374 0 R 363 1 R 373
375 0 R 704 1 R 711
376 0 R 212 1 R 375
377 0 R 711 1 R 737
378 0 R 355 1 R 377
379 0 R 376 1 R 378
380 0 R 348 1 R 379
381 0 R 374 1 R 380
382 0 R 371 1 R 381
383 0 R 351 1 R 382
384 0 R 309 1 R 383
385 0 R 365 1 R 332
386 0 R 735 1 R 711
387 0 R 386 1 R 325
388 0 R 385 1 R 387
389 0 R 222 1 R 461
390 0 R 389 1 R 741
391 0 R 388 1 R 390
392 0 R 196 1 R 704
393 0 R 711 1 R 719
394 0 R 392 1 R 393
395 0 R 737 1 R 719
396 0 R 393 1 R 395
397 0 R 394 1 R 396
398 0 R 358 1 R 461
399 0 R 398 1 R 733
400 0 R 397 1 R 399
401 0 R 391 1 R 400
402 0 R 741 1 R 372
403 0 R 402 1 R 348
404 0 R 702 1 R 704
405 0 R 392 1 R 404
406 0 R 737 1 R 702
407 0 R 406 1 R 404
408 0 R 405 1 R 407
409 0 R 324 1 R 342
410 0 R 367 1 R 375
411 0 R 409 1 R 410
412 0 R 408 1 R 411
413 0 R 403 1 R 412
414 0 R 401 1 R 413
415 0 R 702 1 R 739
416 0 R 367 1 R 415
417 0 R 744 1 R 704
418 0 R 417 1 R 415
419 0 R 416 1 R 418
420 0 R 375 1 R 332
421 0 R 420 1 R 733
422 0 R 419 1 R 421
423 0 R 289 1 R 733
424 0 R 741 1 R 389
425 0 R 423 1 R 424
426 0 R 422 1 R 425
427 0 R 518 1 R 72
428 0 R 518 1 R 79
429 0 R 427 1 R 428
430 0 R 641 1 R 429
431 0 R 619 1 R 430
432 0 R 665 1 R 0
433 0 R 432 1 R 449
434 0 R 644 1 R 433
435 0 R 434 1 R 455
436 0 R 431 1 R 435
437 0 R 436 1 R 457
438 0 R 437 1 R 458
439 0 R 558 1 R 438
440 0 R 439 1 R 460
441 0 R 440 1 R 461
442 0 R 441 1 R 451
443 0 R 363 1 R 442
444 0 R 443 1 R 452
445 0 R 426 1 R 444
446 0 R 414 1 R 445
447 0 R 446 1 R 453
448 0 R 384 1 R 447
449 0 L 35 1 L 35
450 0 L 33 1 L 33
451 0 L 37 1 L 37
452 0 L 41 1 L 41
453 0 L 47 1 L 47
454 0 L 51 1 L 51
455 0 L 53 1 L 53
456 0 L 55 1 L 55
457 0 L 57 1 L 57
458 0 L 59 1 L 59
459 0 L 61 1 L 61
460 0 L 63 1 L 63
461 0 L 65 1 L 65
462 0 R 520 1 R 568
463 0 R 462 1 R 480
464 0 R 463 1 R 484
465 0 R 612 1 R 487
466 0 R 464 1 R 465
467 0 R 611 1 R 641
468 0 R 467 1 R 455
469 0 R 466 1 R 468
470 0 L 471 1 L 471
471 0 L 472 0 L 472
472 0 L 473 0 L 473
473 0 L 474 0 L 474
474 0 L 54 0 L 54
475 0 L 476 1 L 476
476 1 L 477 1 L 477
477 0 L 478 0 L 478
478 1 L 53 1 L 53
479 0 R 525 1 R 568
480 0 R 528 1 R 529
481 0 R 479 1 R 480
482 0 R 470 1 R 516
483 0 R 475 1 R 528
484 0 R 482 1 R 483
485 0 R 481 1 R 484
486 0 R 470 1 R 450
487 0 R 486 1 R 449
488 0 R 615 1 R 487
489 0 R 485 1 R 488
490 0 R 621 1 R 642
491 0 R 490 1 R 455
492 0 R 489 1 R 491
493 0 R 652 1 R 611
494 0 R 580 1 R 493
495 0 R 494 1 R 508
496 0 R 492 1 R 495
497 0 R 496 1 R 458
498 0 R 497 1 R 459
499 0 R 653 1 R 611
500 0 R 584 1 R 499
501 0 R 500 1 R 508
502 0 R 492 1 R 501
503 0 R 502 1 R 458
504 0 R 503 1 R 459
505 0 R 654 1 R 611
506 0 R 593 1 R 505
507 0 R 641 1 R 454
508 0 R 507 1 R 455
509 0 R 506 1 R 508
510 0 R 492 1 R 509
511 0 R 510 1 R 458
512 0 R 511 1 R 459
513 0 R 26 1 R 513
514 0 R 513 1 R 514
515 0 R 514 1 R 515
516 0 R 525 1 R 516
517 0 R 516 1 R 517
518 0 R 515 1 R 518
519 0 R 518 1 R 519
520 0 R 519 1 R 520
521 0 R 520 1 R 521
522 0 R 521 1 R 522
523 0 R 522 1 R 523
524 0 R 523 1 R 524
525 0 R 524 1 R 525
526 0 R 67 1 R 526
527 0 R 526 1 R 527
528 0 R 527 1 R 528
529 0 R 537 1 R 529
530 0 R 529 1 R 530
531 0 R 571 1 R 531
532 0 R 531 1 R 532
533 0 R 532 1 R 533
534 0 R 533 1 R 534
535 0 R 534 1 R 535
536 0 R 535 1 R 536
537 0 R 536 1 R 537
538 0 L 33 1 L 539
539 0 L 538 1 L 539
540 0 L 449 1 L 541
541 0 L 540 1 L 541
542 0 L 543 1 L 543
543 0 L 81 0 L 81
544 0 R 616 1 R 607
545 0 R 639 1 R 454
546 0 R 544 1 R 545
547 0 R 546 1 R 456
548 0 R 547 1 R 699
549 0 R 521 1 R 542
550 0 R 533 1 R 521
551 0 R 549 1 R 550
552 0 R 126 1 R 449
553 0 R 551 1 R 552
554 0 R 609 1 R 611
555 0 R 553 1 R 554
556 0 R 555 1 R 508
557 0 R 556 1 R 457
558 0 R 548 1 R 557
559 0 R 521 1 R 597
560 0 R 559 1 R 600
561 0 R 521 1 R 568
562 0 R 561 1 R 571
563 0 R 562 1 R 574
564 0 L 565 1 L 565
565 0 L 566 0 L 566
566 0 L 567 0 L 567
567 0 L 52 0 L 52
568 0 L 569 1 L 569
569 1 L 102 1 L 102
570 0 R 519 1 R 568
571 0 R 528 1 R 571
572 0 R 570 1 R 571
573 0 R 564 1 R 450
574 0 R 573 1 R 449
575 0 R 572 1 R 574
576 0 R 522 1 R 597
577 0 R 576 1 R 600
578 0 R 522 1 R 568
579 0 R 578 1 R 571
580 0 R 579 1 R 574
581 0 R 523 1 R 597
582 0 R 581 1 R 600
583 0 R 585 1 R 571
584 0 R 583 1 R 574
585 0 R 523 1 R 568
586 0 R 571 1 R 530
587 0 R 585 1 R 586
588 0 R 587 1 R 574
589 0 R 524 1 R 597
590 0 R 589 1 R 600
591 0 R 524 1 R 568
592 0 R 591 1 R 571
593 0 R 592 1 R 574
594 0 R 528 1 R 530
595 0 R 591 1 R 594
596 0 R 595 1 R 574
597 0 L 598 1 L 598
598 1 L 35 1 L 35
599 0 R 514 1 R 597
600 0 R 646 1 R 450
601 0 R 599 1 R 600
602 0 R 532 1 R 646
603 0 R 118 1 R 602
604 0 R 528 1 R 646
605 0 R 118 1 R 604
606 0 R 520 1 R 597
607 0 R 606 1 R 600
608 0 R 520 1 R 100
609 0 R 608 1 R 604
610 0 R 516 1 R 597
611 0 R 610 1 R 600
612 0 R 613 1 R 602
613 0 R 516 1 R 100
614 0 R 537 1 R 646
615 0 R 613 1 R 614
616 0 R 613 1 R 604
617 0 R 516 1 R 568
618 0 R 617 1 R 571
619 0 R 618 1 R 574
620 0 R 525 1 R 597
621 0 R 620 1 R 600
622 0 R 624 1 R 602
623 0 R 624 1 R 640
624 0 R 525 1 R 100
625 0 R 624 1 R 604
626 0 R 515 1 R 597
627 0 R 626 1 R 600
628 0 R 533 1 R 646
629 0 R 636 1 R 628
630 0 R 534 1 R 646
631 0 R 636 1 R 630
632 0 R 535 1 R 646
633 0 R 636 1 R 632
634 0 R 536 1 R 646
635 0 R 636 1 R 634
636 0 R 515 1 R 100
637 0 R 527 1 R 646
638 0 R 636 1 R 637
639 0 R 636 1 R 602
640 0 R 529 1 R 646
641 0 R 636 1 R 640
642 0 R 636 1 R 614
643 0 R 518 1 R 597
644 0 R 643 1 R 600
645 0 R 649 1 R 628
646 0 L 647 1 L 647
647 0 L 648 0 L 648
648 0 L 50 0 L 50
649 0 R 518 1 R 100
650 0 R 531 1 R 646
651 0 R 649 1 R 650
652 0 R 649 1 R 630
653 0 R 649 1 R 632
654 0 R 649 1 R 634
655 0 R 649 1 R 640
656 0 R 517 1 R 100
657 0 R 656 1 R 632
658 0 R 656 1 R 634
659 0 L 660 1 L 660
660 0 L 661 0 L 661
661 0 L 662 0 L 662
662 1 L 663 1 L 663
663 1 L 664 1 L 664
664 0 L 56 0 L 56
665 0 L 666 1 L 666
666 0 L 35 0 L 35
667 0 L 668 1 L 668
668 1 L 669 1 L 669
669 0 L 670 0 L 670
670 0 L 99 0 L 99
671 0 R 605 1 R 601
672 0 R 515 1 R 667
673 0 R 527 1 R 520
674 0 R 672 1 R 673
675 0 R 607 1 R 674
676 0 R 671 1 R 675
677 0 R 665 1 R 659
678 0 R 677 1 R 449
679 0 R 678 1 R 603
680 0 R 659 1 R 450
681 0 R 680 1 R 449
682 0 R 681 1 R 454
683 0 R 679 1 R 682
684 0 R 676 1 R 683
685 0 R 625 1 R 621
686 0 R 537 1 R 520
687 0 R 672 1 R 686
688 0 R 607 1 R 687
689 0 R 685 1 R 688
690 0 R 678 1 R 622
691 0 R 690 1 R 682
692 0 R 689 1 R 691
693 0 R 537 1 R 516
694 0 R 672 1 R 693
695 0 R 611 1 R 694
696 0 R 685 1 R 695
697 0 R 678 1 R 623
698 0 R 697 1 R 682
699 0 R 696 1 R 698
700 0 R 492 1 R 457
701 0 R 700 1 R 458
702 0 R 701 1 R 459
703 0 R 709 1 R 458
704 0 R 703 1 R 459
705 0 R 720 1 R 449
706 0 R 705 1 R 454
707 0 R 706 1 R 455
708 0 R 707 1 R 456
709 0 R 492 1 R 708
710 0 R 717 1 R 458
711 0 R 710 1 R 459
712 0 R 529 1 R 529
713 0 R 712 1 R 449
714 0 R 713 1 R 454
715 0 R 714 1 R 455
716 0 R 715 1 R 456
717 0 R 492 1 R 716
718 0 R 725 1 R 458
719 0 R 718 1 R 459
720 0 R 529 1 R 450
721 0 R 712 1 R 720
722 0 R 721 1 R 454
723 0 R 722 1 R 455
724 0 R 723 1 R 456
725 0 R 492 1 R 724
726 0 R 712 1 R 712
727 0 R 726 1 R 454
728 0 R 727 1 R 455
729 0 R 728 1 R 456
730 0 R 492 1 R 729
731 0 R 209 1 R 744
732 0 R 209 1 R 460
733 0 R 731 1 R 732
734 0 R 2 1 R 730
735 0 R 734 1 R 743
736 0 R 2 1 R 709
737 0 R 736 1 R 743
738 0 R 2 1 R 700
739 0 R 738 1 R 743
740 0 R 209 1 R 735
741 0 R 740 1 R 732
742 0 R 2 1 R 717
743 0 R 2 1 R 458
744 0 R 742 1 R 743
745 0 R 725 1 R 2
