13850524
3255731
2722772
4532707
7290811
6695317
2871004
2715855
15421618
7399303
6670106
16204557
6952625
9188095
12197410
11302397
3824218
9406758
9073539
6798376
7806863
5495351
10493424
356615
9256764
1345702
5356816
16536314
2377453
12563991
2906290
867859
12685844
870486
7620704
15833432
403660
5759921
5057940
1782092
10360199
9546871
1036206
9254503
5883228
9222415
3236008
2583492
5492285
9858012
1990353
468694
12290762
5912192
143790
15110102
11302323
3737302
419667
222392
6597724
11912815
10038212
1938293
3121566
3505320
8997644
4385861
1856055
1423759
1916428
2279350
4830400
5139830
6357984
6701738
12843139
11048370
14591116
15519788
4818765
4103323
2640121
5696849
12757467
9252705
12844950
8325681
9958749
3507496
16224204
3905968
11258511
2436624
237446
8471079
5239995
10570594
12398109
10278508
8945579
5383201
13688028
2349205
3909474
14434590
7434498
3627445
6442446
1217805
7790269
4044219
11073962
13788220
6446293
1681032
10594888
6889658
8480773
13058640
1050677
7975368
2552289
1276036
12924550
4817418
9345239
13883915
11557866
99771
1565521
9035469
1714327
10081766
4271564
8196363
3871490
6144120
11137563
10106269
10078882
11158111
14879496
2892510
3012600
3696728
10157995
5089843
8418645
10882404
8393274
673804
12969887
9577598
11990928
1007062
2255008
4249102
3285335
5481756
7151895
2654047
80617
4474052
2626477
3922054
1546042
2678320
1633270
14650869
11784179
14217444
16393306
2369094
14663240
9795337
4621304
2549684
11194748
3047480
7556833
6062684
5918326
3412299
591133
11833646
10282678
6439191
13462876
13462590
6105908
14241066
4401912
14680852
110831
10859467
6919072
2680410
9872000
10974636
7645102
7339796
14633498
2336004
2516086
6198964
10650435
12891220
4032137
761487
5029694
10072437
11940108
7523513
1122386
1028963
6029862
10491599
7562433
20149
1268027
10961151
3954260
11133965
1611814
4651223
4387414
9259873
8060896
7740142
7629697
4124218
8238202
4701777
13931687
6636302
5662581
8964233
2061422
3680212
9725652
10021084
3880320
1076066
92100
11067618
5104028
2461197
14827308
15149616
13678822
12223577
3602576
271987
14484294
12756947
654043
777825
11016890
6113296
1958557
3336710
6721032
1206974
9558137
6456146
5379576
5281514
7767318
13512674
3477820
13195346
13688531
7626057
1058725
4241467
1034927
3170668
10587744
9902340
9941107
12646403
12462513
16676788
1656754
15796529
9434848
15416529
8936345
954706
2893643
3514626
2632423
2738003
4080436
897530
11097874
6450024
3145596
771087
5632808
10115535
16142577
9044313
4192894
3726717
9697614
5598270
207122
1022357
5632096
860422
14598536
8752118
5639716
15352610
11163950
10337560
16139043
13429969
9812998
10727520
8345978
2456552
9665990
7004027
4673402
432595
2502994
16055624
512406
11385191
1918836
3406226
1703418
3024760
2609261
1544137
570090
3465673
2799828
6970925
4093313
2788000
506069
7556784
9146901
14711433
11338288
11319556
10254231
2837030
1961541
10115804
1591790
2643598
4733819
4657546
15956298
12410640
3910866
15095087
3729766
9364412
10547352
41227
9291503
1832413
6786661
815392
6297931
593625
7423912
1726346
4475581
3827961
10817873
12583151
5854244
10329501
6364916
10388082
8834355
15218273
2603565
4689563
4240745
1825621
1924069
216016
6318693
12718272
9402408
15380947
15450746
15472599
1994773
3738726
10288885
10072739
122448
11769386
12419365
636264
10987838
5805532
617828
1939354
1081028
16133084
433710
16359588
9057982
2938580
8080290
9330801
5530604
7640402
6071830
6862254
2563803
2907081
6839475
787201
12313960
16054311
13384979
4745729
14743409
5618797
10187870
12509898
2819463
687427
8762185
5722187
1408432
10592066
6354794
2373350
13456797
3602964
14597581
6914502
10979819
16537412
8689930
13916701
985532
5756573
3619224
6485452
8340589
11570216
3819874
4059678
3144966
11574542
4570004
8777716
16374521
10304156
504645
13219730
4335584
4496832
5618795
2774605
303818
1742510
12867254
8653418
1057811
3530035
3367664
2920223
9792982
15401277
7207276
11817837
6469629
7463429
3206048
5781034
8296163
2934138
9984197
9033239
11443460
6400808
918628
12648832
11536159
1786922
5174734
7801229
121081
15414490
1599405
4511544
5029374
247422
3618199
2016459
9616895
13387074
7444236
6592721
8003942
5178167
8664481
6415682
9079115
12783086
12671966
2506854
1049577
13506286
3209693
1176593
13617359
346420
5414017
12660451
7833625
11969911
4183074
9975078
9602040
9698953
1391825
6950551
2785007
10366478
3730882
6125334
1410094
16707389
6570776
539623
12180579
8270252
2601120
9572362
5017957
3839631
9244048
319883
8192877
27836
2201003
2511044
1028888
11882189
6701132
11193722
4436248
6979320
5688878
14148239
1038852
1912326
74452
5219836
1243724
5070123
2248066
1120874
2209659
5106142
11889793
12422066
3182013
16661451
6853938
11071524